0,789.457256833245,985.757069905599,825.229134877523,764.113534109933,269.650021804042,458.806935628255,0,0,358.195756407707,465.020464624484,626.641143798828,0,939.029916616587,896.635628440163,0,0,0,619.943318028604,0,0,0,0,119.434478759766,98.4818992614746,0,0,0,240.453346252441,0,91.5941505432129,0,0,0,0,0,0,0,0,687.48095703125,0,1018.43243408203,0,0,0,0,714.523010253906,0,0,0,0,0,800.010371907552,0,0,0,0,0,0,0,0,0,0,0,0,0,0,0,0,0,0,0,0,0,1216.05224609375,0,0,0,0,0,0,0,0,0,0,0,0
789.457256833245,0,191.983617921071,210.778679681593,143.910352853628,501.439637887411,108.455216916792,191.137601034982,0,214.993677923362,0,429.44482552133,743.173361113577,918.406115722656,1377.43509984016,189.671550932385,0,0,1100.44114176432,519.423536936442,237.122917599148,372.041690531644,263.180213928223,180.19820022583,0,405.267941974458,658.072740342882,333.688681449599,644.645267193134,372.885445430361,256.269348144531,279.279323577881,535.319061279297,476.97216796875,418.733908869486,276.964809417725,565.950256347656,359.546219719781,419.790701548258,380.172140187231,349.974747003293,375.650999152142,369.860159704359,0,331.491390773228,347.963122947543,379.938778781792,427.884293482854,255.759197235107,0,0,77.2637100219727,202.390313955454,0,779.159045410156,0,0,0,0,0,0,669.11069309202,0,0,492.205154418945,127.245155334473,0,0,470.482752799988,0,0,0,426.953125,0,667.565517196655,0,596.082252502441,0,0,0,0,0,0,0,0,0,0
985.757069905599,191.983617921071,0,198.668497906853,242.799549524717,665.698124241185,630.533788045247,0,90.8820781707764,421.326535273671,0,776.389581533579,329.886617900277,680.79058186849,797.481890869141,0,0,241.278596429264,1182.95971679688,0,320.158634414673,202.231391988775,0,0,795.917053222656,649.048568725586,0,512.094673156738,0,174.653573423389,932.105590820312,164.913367990249,1240.458984375,0,295.611737973762,239.792047685192,188.616218659936,206.944505843249,0,345.593433925084,338.787916548709,292.427332232652,332.600315923276,137.42964046342,237.387184465903,241.013606507659,329.721965829122,507.806540352958,1057.26953125,148.331814575195,0,0,264.593346581092,0,302.024515765054,383.32058207194,0,0,0,0,0,0,0,396.583698388302,0,334.721625374848,0,0,448.690165201823,364.889828491211,0,210.210815429688,0,0,557.318381032636,285.519577026367,0,241.416658956793,297.114806811015,384.855261857343,0,0,0,0,0,0,940.238967895508
825.229134877523,210.778679681593,198.668497906853,0,190.082309825461,698.548406698958,301.317371107326,171.254379661716,80.7451469421387,301.150074941141,1026.35231526693,1084.97145589193,604.060907091413,1091.26015218099,1212.54417724609,1337.58093261719,753.390747070312,442.374221801758,1141.53380354061,546.577023506165,283.41969426473,351.910855616694,0,179.566644287109,738.680252613741,450.956465657552,635.522012059282,984.134305681501,724.797329989347,151.285671694709,738.013233579438,207.269231672118,412.691526957921,0,520.397601318359,153.148387985845,166.495300032876,194.192395126712,565.284841308594,267.536824973854,205.974116855197,325.190381205105,637.779363778921,391.34935760498,252.34075935483,331.646493295797,359.836977765277,286.367112528893,153.896231866652,157.188285827637,176.854025268555,86.1020889282227,204.266853659314,0,618.013447062174,0,0,0,0,0,0,1082.59811123935,0,0,0,73.1721115112305,0,0,0,969.5361328125,0,1475.13122558594,0,0,558.064654541016,510.965545654297,0,0,0,649.308787027995,0,0,0,0,0,0,1165.16670735677
764.113534109933,143.910352853628,242.799549524717,190.082309825461,0,448.501919197893,321.230122652921,178.440541108449,102.767425537109,182.62861734443,933.442901611328,1151.12618509928,768.680157205333,1165.13946547875,1306.54007572081,851.072285970052,517.063751220703,174.789293289185,1108.28495037681,644.295303344727,582.056127929687,405.934159782495,0,170.029739379883,818.171081542969,521.737513224284,438.500546773275,1132.49933624268,790.162373860677,325.049136616173,834.799235026042,278.664694213867,226.761322021484,0,412.706755065918,283.640771484375,438.464050292969,331.915332306263,497.085411071777,354.18684387207,514.968157958984,391.536951079849,427.180923461914,0,358.801940244787,396.431985791288,408.38690951639,276.32861328125,354.187947591146,0,0,0,225.149055749017,0,796.969889322917,759.138916015625,0,0,887.1005859375,0,0,1288.06526184082,0,0,0,0,0,0,0,0,0,0,0,778.283264160156,721.030718994141,0,748.287902832031,0,0,1122.03399658203,0,0,0,0,0,0,0
269.650021804042,501.439637887411,665.698124241185,698.548406698958,448.501919197893,0,216.921524729047,80.6638031005859,0,192.705914040841,239.123963635107,500.519855856126,669.720801724732,754.261022916982,497.978124494363,483.838649749756,325.139902750651,0,200.453309834192,0,0,779.684204101562,0,0,1024.87985229492,765.634114583333,248.058029174805,1085.85618322036,871.362569173177,655.453450520833,0,0,0,649.407836914062,618.313690185547,453.190673828125,0,388.758476257324,703.486846923828,697.150115966797,612.920909881592,551.334241365132,866.313931465149,0,0,704.922980414497,651.378159156212,802.877197265625,0,0,0,0,770.476168039683,608.818664550781,1036.34446716309,837.817901611328,0,0,0,679.645324707031,0,1063.8918204472,906.327453613281,0,843.831700642904,0,0,0,633.644522530692,302.231872558594,0,0,0,757.749043782552,1020.92925193093,683.454434712728,855.883863661024,0,603.146362304688,704.49482457778,813.262912326389,0,861.574111938477,0,0,0,866.804490831163
458.806935628255,108.455216916792,630.533788045247,301.317371107326,321.230122652921,216.921524729047,0,203.18879482358,0,135.002318474215,0,233.638888835907,0,0,0,516.834115219116,0,0,1246.81396484375,210.953384081523,0,0,343.76863861084,181.002474215493,307.782838704006,607.564727783203,226.914857982117,220.597536214193,449.310005683404,559.145730238694,394.239966390294,382.518547058105,196.781108690345,139.095130075382,0,0,0,0,444.267463933642,0,0,0,363.326484488704,0,0,0,398.330476379395,195.54528545198,0,0,162.866806793213,0,270.872015661942,0,0,0,0,0,0,0,0,268.20204671224,0,0,442.292068481445,0,0,0,0,0,0,0,0,0,0,0,0,0,0,0,0,0,0,0,0,0,0
0,191.137601034982,0,171.254379661716,178.440541108449,80.6638031005859,203.18879482358,0,0,176.302105731651,0,0,0,0,0,0,0,0,0,0,0,0,0,123.126524538607,286.866493770054,0,172.44321141618,0,0,374.882598876953,654.089111328125,71.9425659179688,130.499810835894,0,0,0,0,0,0,0,0,0,710.517700195312,0,0,0,0,127.629271073775,0,0,99.1674766540527,0,135.689009530204,0,0,0,0,0,0,0,0,0,0,0,0,0,0,0,0,0,0,0,0,0,0,0,0,0,0,0,0,0,0,0,0,0,0
0,0,90.8820781707764,80.7451469421387,102.767425537109,0,0,0,0,77.2148513793945,0,0,210.60764465332,0,0,0,0,217.446170043945,0,0,91.7895431518555,0,0,0,0,0,0,0,0,107.146183426316,0,105.301621906793,0,0,0,0,0,0,0,0,0,0,0,107.343531799316,0,0,0,0,0,0,0,0,107.734608968099,0,0,0,0,0,0,0,0,0,0,346.970568847656,0,227.387133789062,0,0,0,0,0,0,0,0,0,0,0,255.509628295898,0,0,0,0,0,0,0,0,0
358.195756407707,214.993677923362,421.326535273671,301.150074941141,182.62861734443,192.705914040841,135.002318474215,176.302105731651,77.2148513793945,0,522.846343994141,928.229946136475,889.706776089138,1222.73243211445,1173.1274983904,615.845397949219,475.571746826172,231.668151855469,500.16043988909,0,304.621190388997,519.804097020349,0,222.164026896159,630.914499282837,568.017505645752,328.856996016069,1099.81094665527,542.013767787388,394.361668904622,429.21856212616,298.456390380859,260.07856241862,0,519.215343606883,471.703247070312,0,483.348077947443,559.094836425781,496.350705233487,466.462677001953,479.434932567455,514.279696079723,0,380.166646321615,515.792961726113,499.187376573351,282.768983320756,419.186218261719,0,240.9736328125,0,359.44498576593,0,0,0,0,0,0,0,0,1151.38453311012,0,0,0,0,0,48.1803245544434,0,0,0,0,0,0,814.302416992188,0,952.157592773438,0,0,913.842529296875,1530.9912109375,890.488891601562,0,0,0,0,94.5614535013835
465.020464624484,0,0,1026.35231526693,933.442901611328,239.123963635107,0,0,0,522.846343994141,0,747.002672576904,673.695129394531,751.530033991887,668.897771835327,388.452850341797,0,0,378.01436596382,0,0,0,0,0,0,0,0,0,0,0,0,0,0,0,0,0,0,0,0,0,0,0,0,0,0,0,0,0,0,0,0,0,0,0,0,0,0,0,100.867273712158,0,0,0,80.6872863769531,0,721.040100097656,0,0,0,0,0,0,0,0,0,0,1026.02087402344,805.269012451172,0,0,0,903.181762695312,0,0,0,0,0,0
626.641143798828,429.44482552133,776.389581533579,1084.97145589193,1151.12618509928,500.519855856126,233.638888835907,0,0,928.229946136475,747.002672576904,0,198.153863575771,202.10201101246,118.214964491239,103.883597058765,141.340811229887,0,211.045548251917,0,0,0,0,0,0,0,0,511.118798997667,0,0,0,0,0,0,0,0,0,0,410.075988769531,0,723.58334720496,0,311.594434102376,0,0,407.563247680664,602.182479858398,0,0,0,0,0,1088.61001586914,428.717335576596,415.669662475586,342.616556202282,0,0,197.743250528971,364.737715148926,432.691520690918,485.512147086007,299.334686279297,313.676106044224,316.886322021484,203.506587982178,394.617614746094,0,417.483747234679,323.319537162781,266.959777832031,342.236026266347,0,400.4036206007,339.16455569568,382.300030639998,369.117064820033,0,374.210595703125,363.503631719924,373.22195443365,188.509433322483,315.156816755022,0,0,198.264625549316,205.845832109451
0,743.173361113577,329.886617900277,604.060907091413,768.680157205333,669.720801724732,0,0,210.60764465332,889.706776089138,673.695129394531,198.153863575771,0,195.414323599942,245.756054314732,585.407718434053,460.098254035501,108.244281360081,416.221884114636,0,272.72715250651,473.546078999837,0,0,0,0,0,0,0,373.387399037679,0,405.499326913253,0,0,309.85578918457,659.894819471571,453.162078857422,351.707527669271,0,849.348083496094,603.041456434462,463.276750183105,0,302.572847684224,446.34652013946,383.054731715809,0,0,0,557.746505737305,0,0,225.478068033854,931.3984375,257.773286919845,157.679794664736,0,0,681.081787109375,1284.10510253906,416.843353271484,337.021255493164,0,158.626020061227,0,168.389566257842,754.003234863281,932.027587890625,279.426165312969,234.342806517188,171.610567029317,209.643290178563,0,269.66171836853,214.401395232589,268.350811247613,499.674021402995,163.373683266018,232.196276230829,239.100778234296,199.616346995036,0,955.809244791667,99.3046104029605,0,0,360.376604778011
939.029916616587,918.406115722656,680.79058186849,1091.26015218099,1165.13946547875,754.261022916982,0,0,0,1222.73243211445,751.530033991887,202.10201101246,195.414323599942,0,184.345563136041,378.450881153378,243.901335734241,93.4921595255534,289.351144391604,0,0,0,0,0,0,0,0,1300.09828404018,0,0,0,255.263641357422,0,0,496.114013671875,0,0,0,0,0,642.547012329102,0,917.918762207031,0,0,600.659057617188,0,0,0,0,0,0,0,580.020523507254,342.474440002441,287.763211627339,0,54.7164268493652,701.470654207117,380.162750879924,572.190441608429,770.313603719076,714.429676600865,145.054207272527,687.734657681042,156.315698060535,371.960622655934,689.604042640099,410.643801979397,137.423904472673,159.034233928862,163.833430433383,535.309844970703,247.328235717591,800.367301940918,306.390336039121,474.353325737847,0,211.387432654699,332.963891773839,382.467933187679,272.713464901771,226.654461144054,231.573510169983,207.91008733934,123.496049499512,203.342401609475
896.635628440163,1377.43509984016,797.481890869141,1212.54417724609,1306.54007572081,497.978124494363,0,0,0,1173.1274983904,668.897771835327,118.214964491239,245.756054314732,184.345563136041,0,213.306682259696,177.595516204834,97.4846522013346,194.640380261803,0,0,0,0,0,0,0,0,1300.30944824219,0,0,0,0,0,0,646.39990234375,0,0,0,0,0,933.008178710938,1195.67834472656,0,0,0,0,0,0,0,0,0,0,1383.0419921875,262.562118530273,828.943542480469,408.411579805262,0,0,731.6451285226,622.672546386719,382.340606689453,1149.05338134766,1146.96801757812,314.155127348723,603.52465057373,340.537916183472,0,0,460.395859680176,257.064192771912,204.008209228516,314.987546251966,0,413.662541316106,823.919344815341,390.374735400935,463.757145931846,0,340.61899347563,390.692240037258,442.482102802822,0,442.13347752889,0,0,0,225.9602299443
0,189.671550932385,0,1337.58093261719,851.072285970052,483.838649749756,516.834115219116,0,0,615.845397949219,388.452850341797,103.883597058765,585.407718434053,378.450881153378,213.306682259696,0,205.246329602803,0,143.328740967924,0,0,0,0,0,1085.08740234375,0,973.331787109375,213.295244605293,0,0,397.07080302519,0,0,0,0,0,0,0,816.493316650391,0,0,0,547.014562606812,0,0,0,1314.22058105469,0,0,0,0,0,0,308.860443115234,0,0,489.632008870443,179.379771497913,365.809396324419,506.360600471497,247.956828903474,216.076946764921,470.853561914268,499.941982596261,441.756240501669,0,183.01443234357,170.807696563938,379.858581542969,0,0,0,461.389171008077,0,142.296722412109,0,348.473500227317,0,421.507507324219,0,407.117079734802,173.451655049962,0,0,233.641424236876,0,304.873509013399
0,0,0,753.390747070312,517.063751220703,325.139902750651,0,0,0,475.571746826172,0,141.340811229887,460.098254035501,243.901335734241,177.595516204834,205.246329602803,0,249.12619527181,188.313911051183,0,0,0,0,0,0,0,0,0,0,0,0,0,0,0,0,0,0,0,0,0,0,0,0,0,0,0,0,0,0,0,0,0,0,693.595275878906,0,0,0,107.263091258514,304.156992478804,0,132.842070992111,0,0,350.28081202507,605.625126308865,0,156.758124679816,259.592702229818,0,0,0,0,0,0,0,0,0,0,0,0,0,108.789780861991,0,0,97.8509272061861,0,152.539129413542
0,0,241.278596429264,442.374221801758,174.789293289185,0,0,0,217.446170043945,231.668151855469,0,0,108.244281360081,93.4921595255534,97.4846522013346,0,249.12619527181,0,93.5233612060547,0,0,0,0,0,0,0,0,0,0,379.900867462158,0,352.299224404728,0,0,0,0,0,0,0,0,0,0,0,209.455700465611,0,0,0,0,0,0,0,0,0,0,56.8768653869629,0,0,0,0,0,1074.79748535156,0,0,97.0166500636509,0,118.619799730589,175.520874023438,0,0,0,0,0,0,0,1078.24353027344,0,0,99.3263857441564,0,165.490328979492,0,0,0,0,207.012649536133,0,270.481506347656
619.943318028604,1100.44114176432,1182.95971679688,1141.53380354061,1108.28495037681,200.453309834192,1246.81396484375,0,0,500.16043988909,378.01436596382,211.045548251917,416.221884114636,289.351144391604,194.640380261803,143.328740967924,188.313911051183,93.5233612060547,0,0,0,1145.6728515625,0,0,0,0,0,1197.05785522461,0,0,0,0,0,65.6390018463135,0,0,0,0,0,0,1007.60601806641,1182.20479329427,977.344055175781,0,0,1192.9735921224,0,0,0,0,0,0,1132.71081542969,699.284210205078,1161.41768391927,378.231302897135,428.758178710938,202.879093170166,306.326431073641,929.593811035156,297.187133026123,1103.6698167589,685.133056640625,252.988955906459,567.271792221069,289.814666748047,325.841186523438,0,511.650701075424,355.410938262939,674.415771484375,433.586723327637,672.08764371005,479.182485961914,838.16515774197,480.781208174569,509.567253417969,0,322.58991394043,497.179385284879,494.496974097358,215.213554382324,863.237589518229,0,266.759860992432,0,248.52688369751
0,519.423536936442,0,546.577023506165,644.295303344727,0,210.953384081523,0,0,0,0,0,0,0,0,0,0,0,0,0,0,480.830881754557,0,0,388.135141645159,200.057059134704,273.81933337878,701.178646087646,416.050422096252,0,0,0,196.112208882686,0,0,531.978179931641,0,0,564.253071178089,492.506658533117,0,460.650613967021,432.504448984184,0,0,0,407.376414444646,166.199450573518,253.900515856916,0,0,380.045103890555,468.711781800099,0,0,0,0,0,0,0,0,0,0,0,0,0,0,0,0,0,0,0,0,0,0,0,0,0,0,0,0,0,0,0,0,0,0
0,237.122917599148,320.158634414673,283.41969426473,582.056127929687,0,0,0,91.7895431518555,304.621190388997,0,0,272.72715250651,0,0,0,0,0,0,0,0,193.928317260742,0,0,0,0,0,533.92694508402,0,0,0,282.600480114972,0,0,382.690891810826,234.483627319336,0,185.956499735514,0,0,396.430394307833,0,496.687188061801,197.452480254469,217.461213111877,197.007099576504,0,0,0,0,0,0,411.656982421875,0,232.226198095315,0,0,0,0,0,0,0,0,0,0,182.696014404297,0,0,0,366.379699707031,0,0,0,0,267.856547219413,0,0,252.355797767639,296.671813964844,360.786089590772,0,0,0,0,0,0,0
0,372.041690531644,202.231391988775,351.910855616694,405.934159782495,779.684204101562,0,0,0,519.804097020349,0,0,473.546078999837,0,0,0,0,0,1145.6728515625,480.830881754557,193.928317260742,0,0,0,0,534.706741996433,582.361633300781,0,0,0,0,0,0,0,0,206.228094556075,0,258.897166728973,0,250.988802619602,212.876532236735,176.695210225338,0,0,155.890099450333,158.007062213256,363.766926307183,591.22314453125,308.592458417339,0,0,0,280.520167439779,0,484.653943481445,0,0,0,0,0,0,0,0,0,0,0,0,0,0,0,0,0,0,0,444.684370252821,0,0,0,0,376.587265014648,0,0,0,0,0,0,0
0,263.180213928223,0,0,0,0,343.76863861084,0,0,0,0,0,0,0,0,0,0,0,0,0,0,0,0,0,325.353444417318,176.662528991699,567.588562011719,346.823848996844,132.381126703001,0,197.571223969155,0,478.951843261719,0,0,0,0,0,123.112791557414,0,0,0,161.499453846837,0,0,0,98.9494267236619,317.43391418457,0,0,0,0,0,0,0,0,0,0,0,0,0,444.502257127028,0,0,0,0,0,0,0,0,0,0,606.393737792969,0,0,0,844.842081705729,0,0,0,0,0,0,0,0,0,0
119.434478759766,180.19820022583,0,179.566644287109,170.029739379883,0,181.002474215493,123.126524538607,0,222.164026896159,0,0,0,0,0,0,0,0,0,0,0,0,0,0,161.249612615078,0,111.909615478516,355.625564575195,0,0,336.641250610352,0,159.325531005859,131.135431925456,0,0,0,0,0,0,0,0,0,0,0,0,0,71.2964477539062,0,0,65.2067747116089,0,92.0066680908203,0,0,0,0,0,0,0,0,0,0,0,0,0,0,0,0,0,0,0,0,0,0,0,0,0,0,0,0,0,0,0,0,0,0
98.4818992614746,0,795.917053222656,738.680252613741,818.171081542969,1024.87985229492,307.782838704006,286.866493770054,0,630.914499282837,0,0,0,0,0,1085.08740234375,0,0,0,388.135141645159,0,0,325.353444417318,161.249612615078,0,346.163200175509,308.039256815272,645.679542541504,230.602399453837,718.516624450684,363.165948383808,0,404.075607808431,216.46014105968,0,0,0,0,313.609112923975,0,0,310.732055664062,505.825170739905,0,0,0,340.208059593939,411.849940627369,0,0,161.863611602783,0,648.158221295599,0,0,0,0,0,1082.32861328125,0,0,0,0,0,1130.61399536133,0,0,0,0,0,0,0,0,0,0,0,0,0,0,0,0,0,0,0,0,0,0
0,405.267941974458,649.048568725586,450.956465657552,521.737513224284,765.634114583333,607.564727783203,0,0,568.017505645752,0,0,0,0,0,0,0,0,0,200.057059134704,0,534.706741996433,176.662528991699,0,346.163200175509,0,244.772404016553,230.498291651408,132.437109341633,0,78.5962114334106,0,218.049827465113,497.785808563232,0,457.594085693359,0,0,199.863774776459,398.462863765962,0,434.090179339612,205.79535181642,0,0,0,203.328884264874,379.718521759889,201.027928903069,0,0,352.883452824184,410.8510344622,0,0,0,0,0,0,0,0,723.767211914062,0,0,0,0,0,0,0,0,0,0,0,0,0,0,0,0,0,0,0,0,0,0,0,0,0
0,658.072740342882,0,635.522012059282,438.500546773275,248.058029174805,226.914857982117,172.44321141618,0,328.856996016069,0,0,0,0,0,973.331787109375,0,0,0,273.81933337878,0,582.361633300781,567.588562011719,111.909615478516,308.039256815272,244.772404016553,0,929.607635498047,273.680042138351,759.446447372437,498.053942602038,194.389221191406,163.34045966684,197.086820100483,0,772.115407307943,0,0,507.251260514693,549.41312789917,0,655.608556111654,553.954355607466,0,0,1152.09643554688,516.360883658273,295.539175977205,457.059248968895,0,95.5664324760437,828.116058349609,623.68798518072,0,0,0,0,0,0,0,0,651.191375732422,0,0,0,0,0,0,0,0,0,0,0,0,0,0,0,0,0,0,0,0,0,0,0,0,0
0,333.688681449599,512.094673156738,984.134305681501,1132.49933624268,1085.85618322036,220.597536214193,0,0,1099.81094665527,0,511.118798997667,0,1300.09828404018,1300.30944824219,213.295244605293,0,0,1197.05785522461,701.178646087646,533.92694508402,0,346.823848996844,355.625564575195,645.679542541504,230.498291651408,929.607635498047,0,512.140475802951,0,239.03969032727,0,470.250198364258,237.339213038065,348.843880101254,0,0,0,411.268347541205,0,254.395396997183,0,232.526056199294,852.091430664062,0,510.578353881836,287.651363796658,663.995316725511,491.379791259766,0,0,572.880065917969,582.367547353109,589.676742553711,0,0,482.606561279297,0,1143.63000488281,0,1186.56372070312,212.605388732455,1076.01257324219,0,475.998654231552,0,0,405.047004699707,437.123848809136,0,0,0,539.117406527201,0,293.568342795739,0,502.871234832726,0,0,475.962005615234,449.945882742746,724.777526855469,545.786361694336,0,0,330.643280029297,831.234822591146
240.453346252441,644.645267193134,0,724.797329989347,790.162373860677,871.362569173177,449.310005683404,0,0,542.013767787388,0,0,0,0,0,0,0,0,0,416.050422096252,0,0,132.381126703001,0,230.602399453837,132.437109341633,273.680042138351,512.140475802951,0,0,145.044168800531,0,462.701851121531,419.838237762451,0,0,0,0,146.552230118792,0,0,525.648849487305,222.476973103368,0,0,0,181.494161866646,523.140575081962,335.164298502604,0,0,382.781158447266,698.579726383604,0,0,0,0,0,0,0,0,620.624760219029,0,0,715.709716796875,0,0,0,0,0,0,0,0,0,0,0,811.466247558594,0,0,0,0,0,0,0,0,0,0
0,372.885445430361,174.653573423389,151.285671694709,325.049136616173,655.453450520833,559.145730238694,374.882598876953,107.146183426316,394.361668904622,0,0,373.387399037679,0,0,0,0,379.900867462158,0,0,0,0,0,0,718.516624450684,0,759.446447372437,0,0,0,0,135.368807392566,575.491922551935,0,0,858.348022460938,132.760388272629,140.242185455932,0,0,0,0,0,191.846919398154,164.353714278467,208.495895862579,0,375.378540528126,0,133.333009874499,0,0,241.339848936862,0,0,0,0,0,0,0,0,1394.67932128906,0,361.616841634115,0,354.659397125244,0,0,0,0,0,0,0,0,0,0,0,365.757711237127,0,275.418090820312,0,0,0,0,0,0,0
91.5941505432129,256.269348144531,932.105590820312,738.013233579438,834.799235026042,0,394.239966390294,654.089111328125,0,429.21856212616,0,0,0,0,0,397.07080302519,0,0,0,0,0,0,197.571223969155,336.641250610352,363.165948383808,78.5962114334106,498.053942602038,239.03969032727,145.044168800531,0,0,0,576.394889705089,182.454677995954,0,0,0,0,150.760918490476,0,0,0,220.506387168978,0,0,0,228.498038578033,518.354704538981,0,0,0,0,690.728914555815,0,0,0,0,0,839.40625,0,0,446.344560072157,0,0,773.493748384363,0,0,0,0,0,0,0,755.604431152344,0,0,0,848.160883397232,0,0,0,0,0,0,0,0,0,0
0,279.279323577881,164.913367990249,207.269231672118,278.664694213867,0,382.518547058105,71.9425659179688,105.301621906793,298.456390380859,0,0,405.499326913253,255.263641357422,0,0,0,352.299224404728,0,0,282.600480114972,0,0,0,0,0,194.389221191406,0,0,135.368807392566,0,0,0,0,0,0,212.288672855922,514.865356445312,0,0,596.126907348633,0,0,180.722470760345,142.685676921498,154.139456060377,0,0,0,114.469815900249,0,0,207.10785966761,0,355.649826049805,0,0,0,0,0,0,0,0,326.389511108398,0,409.051064584769,0,0,0,0,0,0,0,0,0,0,0,381.960300304272,336.024047851562,377.5798828125,0,0,0,0,0,0,0
0,535.319061279297,1240.458984375,412.691526957921,226.761322021484,0,196.781108690345,130.499810835894,0,260.07856241862,0,0,0,0,0,0,0,0,0,196.112208882686,0,0,478.951843261719,159.325531005859,404.075607808431,218.049827465113,163.34045966684,470.250198364258,462.701851121531,575.491922551935,576.394889705089,0,0,64.4812774658203,0,542.458084106445,0,0,587.964407364952,453.560244750977,0,639.243268694196,575.30602864469,0,0,0,472.558284412731,163.361319723305,390.589226132347,0,101.290130615234,414.347412109375,370.933088664005,0,0,0,0,0,0,0,0,605.891357421875,0,0,0,0,0,0,0,0,0,0,0,0,0,0,0,0,0,0,0,0,0,0,0,0,0
0,476.97216796875,0,0,0,649.407836914062,139.095130075382,0,0,0,0,0,0,0,0,0,0,0,65.6390018463135,0,0,0,0,131.135431925456,216.46014105968,497.785808563232,197.086820100483,237.339213038065,419.838237762451,0,182.454677995954,0,64.4812774658203,0,0,0,0,0,443.578249250139,0,0,0,349.489754199982,0,0,0,440.109991455078,0,0,0,0,0,0,0,0,0,0,0,0,0,0,118.891212463379,0,0,0,0,0,0,0,0,0,0,0,0,0,0,0,0,0,0,0,0,0,0,0,0,0
0,418.733908869486,295.611737973762,520.397601318359,412.706755065918,618.313690185547,0,0,0,519.215343606883,0,0,309.85578918457,496.114013671875,646.39990234375,0,0,0,0,0,382.690891810826,0,0,0,0,0,0,348.843880101254,0,0,0,0,0,0,0,0,0,0,0,98.3141699518476,192.94324685568,143.906486160615,149.484502450233,0,0,169.654235713156,141.226152347613,155.931198120117,117.094444274902,0,0,0,242.147288602941,0,0,0,0,0,0,0,0,538.578964233398,0,0,0,0,0,0,617.43193240282,0,0,0,0,499.443084716797,465.711079985039,538.716333007813,464.642883300781,0,0,0,0,0,0,0,0,0,0
0,276.964809417725,239.792047685192,153.148387985845,283.640771484375,453.190673828125,0,0,0,471.703247070312,0,0,659.894819471571,0,0,0,0,0,0,531.978179931641,234.483627319336,206.228094556075,0,0,0,457.594085693359,772.115407307943,0,0,858.348022460938,0,0,542.458084106445,0,0,0,0,130.448471957936,0,243.512772623698,0,181.021793902853,0,0,154.502286354335,267.105907485554,439.731387594472,427.721542358398,333.616534618621,0,0,453.68701171875,150.31771235217,0,414.40427507673,0,0,0,0,0,0,0,0,0,0,0,0,0,0,0,0,0,0,0,328.75429280599,0,0,0,0,435.9228515625,0,0,0,0,0,0,0
0,565.950256347656,188.616218659936,166.495300032876,438.464050292969,0,0,0,0,0,0,0,453.162078857422,0,0,0,0,0,0,0,0,0,0,0,0,0,0,0,0,132.760388272629,0,212.288672855922,0,0,0,0,0,110.316255569458,0,0,0,0,0,0,149.32863199609,196.333382255153,0,0,0,0,0,0,192.076111793518,0,0,0,0,0,0,0,0,0,0,0,0,0,0,0,0,0,0,0,0,0,0,0,0,333.330444335938,0,487.579467773438,0,0,0,0,0,0,0
0,359.546219719781,206.944505843249,194.192395126712,331.915332306263,388.758476257324,0,0,0,483.348077947443,0,0,351.707527669271,0,0,0,0,0,0,0,185.956499735514,258.897166728973,0,0,0,0,0,0,0,140.242185455932,0,514.865356445312,0,0,0,130.448471957936,110.316255569458,0,0,0,0,0,0,0,152.016258407999,240.887288503178,0,0,741.924560546875,0,0,0,154.751305217826,0,388.437934875488,0,0,0,0,0,0,0,0,0,0,0,0,0,0,0,0,0,0,0,0,0,0,344.400909423828,436.825744628906,357.154884338379,0,0,0,0,0,0,0
0,419.790701548258,0,565.284841308594,497.085411071777,703.486846923828,444.267463933642,0,0,559.094836425781,0,410.075988769531,0,0,0,816.493316650391,0,0,0,564.253071178089,0,0,123.112791557414,0,313.609112923975,199.863774776459,507.251260514693,411.268347541205,146.552230118792,0,150.760918490476,0,587.964407364952,443.578249250139,0,0,0,0,0,0,0,0,193.725769671213,0,0,0,141.772549409133,560.152955284414,0,0,0,0,542.344645871954,0,0,0,0,0,0,0,0,574.722363594251,0,0,931.632629394531,0,0,0,0,0,0,0,0,0,0,0,799.730156792535,0,0,0,0,0,0,0,0,0,0
687.48095703125,380.172140187231,345.593433925084,267.536824973854,354.18684387207,697.150115966797,0,0,0,496.350705233487,0,0,849.348083496094,0,0,0,0,0,0,492.506658533117,0,250.988802619602,0,0,0,398.462863765962,549.41312789917,0,0,0,0,0,453.560244750977,0,98.3141699518476,243.512772623698,0,0,0,0,283.386814117432,175.323228201291,141.545532226562,0,0,171.390426635742,179.74386387972,386.17846047006,176.756363588819,0,0,377.170669555664,180.154438728933,0,0,0,0,0,0,0,0,0,0,0,0,0,0,0,645.938446044922,0,0,0,0,0,481.262420654297,0,0,0,0,0,0,0,0,0,0,0,0
0,349.974747003293,338.787916548709,205.974116855197,514.968157958984,612.920909881592,0,0,0,466.462677001953,0,723.58334720496,603.041456434462,642.547012329102,933.008178710938,0,0,0,1007.60601806641,0,396.430394307833,212.876532236735,0,0,0,0,0,254.395396997183,0,0,0,596.126907348633,0,0,192.94324685568,0,0,0,0,283.386814117432,0,256.384325299944,240.692439424539,557.574497148102,342.663665771484,290.472635571861,255.330230373806,305.925018310547,144.359806060791,0,0,380.06787109375,201.815962915835,0,496.917415891375,435.303456624349,0,0,0,0,0,293.514874891801,0,0,0,0,0,0,473.455551621181,0,0,0,0,282.992614746094,322.412522109819,399.142466227214,462.205693562826,550.150756835938,0,374.045233577131,572.435089111328,0,0,0,0,0,606.652954101562
1018.43243408203,375.650999152142,292.427332232652,325.190381205105,391.536951079849,551.334241365132,0,0,0,479.434932567455,0,0,463.276750183105,0,1195.67834472656,0,0,0,1182.20479329427,460.650613967021,0,176.695210225338,0,0,310.732055664062,434.090179339612,655.608556111654,0,525.648849487305,0,0,0,639.243268694196,0,143.906486160615,181.021793902853,0,0,0,175.323228201291,256.384325299944,0,171.711785351789,0,269.719605696829,177.888895179544,242.014588139985,397.329539616903,240.000559067115,0,0,388.792510986328,196.016196962749,0,0,0,0,0,0,0,0,0,0,0,0,0,0,0,458.163548787435,0,0,0,0,0,476.116440191502,0,0,0,0,478.509063720703,0,0,0,0,0,0,0
0,369.860159704359,332.600315923276,637.779363778921,427.180923461914,866.313931465149,363.326484488704,710.517700195312,0,514.279696079723,0,311.594434102376,0,917.918762207031,0,547.014562606812,0,0,977.344055175781,432.504448984184,496.687188061801,0,161.499453846837,0,505.825170739905,205.79535181642,553.954355607466,232.526056199294,222.476973103368,0,220.506387168978,0,575.30602864469,349.489754199982,149.484502450233,0,0,0,193.725769671213,141.545532226562,240.692439424539,171.711785351789,0,0,0,439.317109849718,148.483392687944,481.77125633803,230.450814437866,0,0,329.825784301758,601.468544056213,0,0,0,0,0,0,0,0,502.842229905471,1061.21185302734,0,807.205774216425,0,0,0,466.315536499023,0,0,0,750.223392262178,0,425.028170185704,0,774.368898081983,0,0,0,700.536514282227,0,0,0,0,0,0
0,0,137.42964046342,391.34935760498,0,0,0,0,107.343531799316,0,0,0,302.572847684224,0,0,0,0,209.455700465611,0,0,197.452480254469,0,0,0,0,0,0,852.091430664062,0,191.846919398154,0,180.722470760345,0,0,0,0,0,0,0,0,557.574497148102,0,0,0,352.339912414551,145.351919862413,0,0,0,0,0,0,101.37442779541,0,229.507685525077,0,0,0,0,0,0,0,0,301.395484924316,0,313.532275894941,0,0,0,0,0,0,0,0,0,0,0,223.621840892694,276.672190348307,347.593397211145,0,0,0,0,0,0,0
0,331.491390773228,237.387184465903,252.34075935483,358.801940244787,0,0,0,0,380.166646321615,0,0,446.34652013946,0,0,0,0,0,0,0,217.461213111877,155.890099450333,0,0,0,0,0,0,0,164.353714278467,0,142.685676921498,0,0,0,154.502286354335,149.32863199609,152.016258407999,0,0,342.663665771484,269.719605696829,0,352.339912414551,0,181.212459005333,297.593566894531,615.924682617188,438.733601888021,109.312883758545,0,0,182.577160450328,0,389.695631844657,0,0,0,0,0,0,0,0,0,0,0,0,0,0,0,0,0,0,0,0,0,0,442.781092593544,316.601867675781,398.524879150391,0,0,0,0,0,0,1409.25524902344
0,347.963122947543,241.013606507659,331.646493295797,396.431985791288,704.922980414497,0,0,0,515.792961726113,0,407.563247680664,383.054731715809,600.659057617188,0,0,0,0,1192.9735921224,0,197.007099576504,158.007062213256,0,0,0,0,1152.09643554688,510.578353881836,0,208.495895862579,0,154.139456060377,0,0,169.654235713156,267.105907485554,196.333382255153,240.887288503178,0,171.390426635742,290.472635571861,177.888895179544,439.317109849718,145.351919862413,181.212459005333,0,327.120788574219,0,0,79.6930265426636,0,0,247.216640131019,0,413.105290618897,498.160598754883,0,0,0,0,0,0,0,0,0,575.355712890625,0,0,428.975311279297,656.459106445312,0,0,0,0,395.146875815816,378.876782226563,0,470.871316818964,494.556945800781,461.482930619587,0,0,0,0,0,0,1284.8349609375
714.523010253906,379.938778781792,329.721965829122,359.836977765277,408.38690951639,651.378159156212,398.330476379395,0,0,499.187376573351,0,602.182479858398,0,0,0,1314.22058105469,0,0,0,407.376414444646,0,363.766926307183,98.9494267236619,0,340.208059593939,203.328884264874,516.360883658273,287.651363796658,181.494161866646,0,228.498038578033,0,472.558284412731,440.109991455078,141.226152347613,439.731387594472,0,0,141.772549409133,179.74386387972,255.330230373806,242.014588139985,148.483392687944,0,297.593566894531,327.120788574219,0,415.730132019043,187.543161890907,0,0,351.64253393809,307.257309440109,0,0,0,0,0,0,0,0,488.403712632921,0,0,0,0,0,0,549.999090576172,0,0,0,0,0,446.628848913944,0,627.277231852214,0,0,0,0,0,0,0,0,0,0
0,427.884293482854,507.806540352958,286.367112528893,276.32861328125,802.877197265625,195.54528545198,127.629271073775,0,282.768983320756,0,0,0,0,0,0,0,0,0,166.199450573518,0,591.22314453125,317.43391418457,71.2964477539062,411.849940627369,379.718521759889,295.539175977205,663.995316725511,523.140575081962,375.378540528126,518.354704538981,0,163.361319723305,0,155.931198120117,427.721542358398,0,0,560.152955284414,386.17846047006,305.925018310547,397.329539616903,481.77125633803,0,615.924682617188,0,415.730132019043,0,221.571941910407,0,81.3820786476135,133.20637807646,229.213907827854,0,0,0,0,0,0,0,0,717.903349034926,0,0,0,0,0,0,0,0,0,0,0,0,0,0,0,0,0,0,0,0,0,0,0,0,0
0,255.759197235107,1057.26953125,153.896231866652,354.187947591146,0,0,0,0,419.186218261719,0,0,0,0,0,0,0,0,0,253.900515856916,0,308.592458417339,0,0,0,201.027928903069,457.059248968895,491.379791259766,335.164298502604,0,0,0,390.589226132347,0,117.094444274902,333.616534618621,0,741.924560546875,0,176.756363588819,144.359806060791,240.000559067115,230.450814437866,0,438.733601888021,0,187.543161890907,221.571941910407,0,0,0,211.731244137413,230.025188224903,0,0,0,0,0,0,0,0,685.61040242513,0,0,0,0,0,0,0,0,0,0,0,0,0,0,0,0,0,0,0,0,0,0,0,0,0
0,0,148.331814575195,157.188285827637,0,0,0,0,0,0,0,0,557.746505737305,0,0,0,0,0,0,0,0,0,0,0,0,0,0,0,0,133.333009874499,0,114.469815900249,0,0,0,0,0,0,0,0,0,0,0,0,109.312883758545,79.6930265426636,0,0,0,0,0,0,0,0,0,0,0,0,0,0,0,0,0,0,0,424.849232991536,0,0,0,0,0,0,0,0,0,0,0,484.656860351562,0,0,0,0,0,0,0,0,0
0,0,0,176.854025268555,0,0,162.866806793213,99.1674766540527,0,240.9736328125,0,0,0,0,0,0,0,0,0,0,0,0,0,65.2067747116089,161.863611602783,0,95.5664324760437,0,0,0,0,0,101.290130615234,0,0,0,0,0,0,0,0,0,0,0,0,0,0,81.3820786476135,0,0,0,0,124.632006865281,0,0,0,0,0,0,0,0,0,0,0,0,0,0,0,0,0,0,0,0,0,0,0,0,0,0,0,0,0,0,0,0,0,0
0,77.2637100219727,0,86.1020889282227,0,0,0,0,0,0,0,0,0,0,0,0,0,0,0,380.045103890555,0,0,0,0,0,352.883452824184,828.116058349609,572.880065917969,382.781158447266,0,0,0,414.347412109375,0,0,453.68701171875,0,0,0,377.170669555664,380.06787109375,388.792510986328,329.825784301758,0,0,0,351.64253393809,133.20637807646,211.731244137413,0,0,0,186.431580375223,0,0,0,0,0,0,0,0,630.695251464844,0,0,0,0,0,0,0,0,0,0,0,0,0,0,0,0,0,0,0,0,0,0,0,0,0
800.010371907552,202.390313955454,264.593346581092,204.266853659314,225.149055749017,770.476168039683,270.872015661942,135.689009530204,107.734608968099,359.44498576593,0,1088.61001586914,225.478068033854,0,1383.0419921875,0,0,0,1132.71081542969,468.711781800099,411.656982421875,280.520167439779,0,92.0066680908203,648.158221295599,410.8510344622,623.68798518072,582.367547353109,698.579726383604,241.339848936862,690.728914555815,207.10785966761,370.933088664005,0,242.147288602941,150.31771235217,192.076111793518,154.751305217826,542.344645871954,180.154438728933,201.815962915835,196.016196962749,601.468544056213,101.37442779541,182.577160450328,247.216640131019,307.257309440109,229.213907827854,230.025188224903,0,124.632006865281,186.431580375223,0,0,446.109685262044,0,0,0,0,0,0,598.291937394576,0,0,0,0,1613.9501953125,0,0,391.537078857422,0,0,0,0,551.218170166016,0,483.433776855469,0,0,0,0,0,0,0,0,0,0
0,0,0,0,0,608.818664550781,0,0,0,0,0,428.717335576596,931.3984375,580.020523507254,262.562118530273,308.860443115234,693.595275878906,0,699.284210205078,0,0,0,0,0,0,0,0,589.676742553711,0,0,0,0,0,0,0,0,0,0,0,0,0,0,0,0,0,0,0,0,0,0,0,0,0,0,0,0,0,0,680.998947143555,187.962430301042,270.795307321064,596.334854125977,405.050833129883,0,416.250569063074,0,191.931197678962,0,423.900518002717,474.333544921875,0,0,487.387249490489,394.44737845973,0,501.865819594439,389.98915455705,0,0,0,422.735162182389,173.830907448051,221.330631749014,0,0,379.919926071167,361.951400569994
0,779.159045410156,302.024515765054,618.013447062174,796.969889322917,1036.34446716309,0,0,0,0,0,415.669662475586,257.773286919845,342.474440002441,828.943542480469,0,0,56.8768653869629,1161.41768391927,0,232.226198095315,484.653943481445,0,0,0,0,0,0,0,0,0,355.649826049805,0,0,0,414.40427507673,0,388.437934875488,0,0,496.917415891375,0,0,229.507685525077,389.695631844657,413.105290618897,0,0,0,0,0,0,446.109685262044,0,0,322.764831542969,0,0,0,0,0,536.16038318193,0,0,0,306.119507276095,0,0,426.232371520996,177.130138397217,0,306.077239990234,0,0,386.542855808415,460.117431640625,457.397420171481,156.780846215934,170.503733407883,191.529824361883,0,0,781.925842285156,0,0,0,0
0,0,383.32058207194,0,759.138916015625,837.817901611328,0,0,0,0,0,342.616556202282,157.679794664736,287.763211627339,408.411579805262,0,0,0,378.231302897135,0,0,0,0,0,0,0,0,0,0,0,0,0,0,0,0,0,0,0,0,0,435.303456624349,0,0,0,0,498.160598754883,0,0,0,0,0,0,0,0,322.764831542969,0,0,0,0,383.822882610819,0,0,0,0,0,0,0,0,235.283950805664,178.269019360812,0,206.538757926539,0,251.449027197702,100.773780822754,180.99365286661,0,0,155.43014793396,160.348801199491,373.071658414953,0,337.294144873526,0,0,0,298.663604736328
0,0,0,0,0,0,0,0,0,0,0,0,0,0,0,489.632008870443,0,0,428.758178710938,0,0,0,0,0,0,0,0,482.606561279297,0,0,0,0,0,0,0,0,0,0,0,0,0,0,0,0,0,0,0,0,0,0,0,0,0,0,0,0,0,0,0,84.0743789672852,459.915496826172,395.313357035319,113.490571445889,0,177.905836674205,0,0,0,0,0,0,0,113.479670883773,0,0,0,152.725371798953,0,0,0,106.370761640144,0,0,0,0,0,463.302856445312
0,0,0,0,0,0,0,0,0,0,0,0,0,54.7164268493652,0,179.379771497913,107.263091258514,0,202.879093170166,0,0,0,0,0,0,0,0,0,0,0,0,0,0,0,0,0,0,0,0,0,0,0,0,0,0,0,0,0,0,0,0,0,0,0,0,0,0,0,146.645762549506,0,94.4336155482701,322.473220825195,0,0,358.290222167969,0,61.4121437072754,151.121342795236,0,0,0,0,0,0,0,0,0,0,0,0,0,0,0,0,73.1161549886068,0,51.298023223877
0,0,0,0,887.1005859375,0,0,0,0,0,100.867273712158,197.743250528971,681.081787109375,701.470654207117,731.6451285226,365.809396324419,304.156992478804,0,306.326431073641,0,0,0,0,0,1082.32861328125,0,0,1143.63000488281,0,0,839.40625,0,0,0,0,0,0,0,0,0,0,0,0,0,0,0,0,0,0,0,0,0,0,680.998947143555,0,0,0,146.645762549506,0,438.916477140833,295.823904521483,950.761975097656,212.112524786156,832.685485839844,339.888587891891,0,322.685600352287,253.350828448747,0,0,0,0,356.054171999039,0,0,0,513.681185515031,0,0,0,380.2817400052,419.826886852968,645.533203125,0,126.850514820644,0,677.625846044701
0,0,0,0,0,679.645324707031,0,0,0,0,0,364.737715148926,1284.10510253906,380.162750879924,622.672546386719,506.360600471497,0,0,929.593811035156,0,0,0,0,0,0,0,0,0,0,0,0,0,0,0,0,0,0,0,0,0,0,0,0,0,0,0,0,0,0,0,0,0,0,187.962430301042,0,383.822882610819,84.0743789672852,0,438.916477140833,0,251.888425574353,0,138.495936755027,0,155.013319287981,0,189.643727747147,509.971939086914,378.937921251569,381.392669677734,0,0,0,317.494762946235,0,350.129677553406,196.92353753151,0,0,0,179.703570066952,344.628605394478,206.47843489501,0,0,405.796053799716,360.563681931622
0,0,0,0,0,0,0,0,0,0,0,432.691520690918,416.843353271484,572.190441608429,382.340606689453,247.956828903474,132.842070992111,1074.79748535156,297.187133026123,0,0,0,0,0,0,0,0,1186.56372070312,0,0,0,0,0,0,0,0,0,0,0,0,0,0,0,0,0,0,0,0,0,0,0,0,0,270.795307321064,0,0,459.915496826172,94.4336155482701,295.823904521483,251.888425574353,0,0,247.972128576018,539.863506317139,528.98471427319,0,137.239910765464,266.72503974221,0,0,0,0,518.064394403451,870.014729817708,0,344.867167154948,569.190327519956,0,0,0,410.526262751165,324.106337121192,443.324217224121,0,122.271656036377,0,453.75220694291
0,669.11069309202,0,1082.59811123935,1288.06526184082,1063.8918204472,268.20204671224,0,0,1151.38453311012,0,485.512147086007,337.021255493164,770.313603719076,1149.05338134766,216.076946764921,0,0,1103.6698167589,0,0,0,444.502257127028,0,0,723.767211914062,651.191375732422,212.605388732455,620.624760219029,1394.67932128906,446.344560072157,0,605.891357421875,118.891212463379,538.578964233398,0,0,0,574.722363594251,0,293.514874891801,0,502.842229905471,0,0,0,488.403712632921,717.903349034926,685.61040242513,0,0,630.695251464844,598.291937394576,596.334854125977,536.16038318193,0,395.313357035319,322.473220825195,950.761975097656,0,0,0,423.57625579834,0,258.953639500177,0,0,214.976513585379,258.815047832018,0,0,0,436.737445199416,0,260.637126195901,0,211.457015222963,702.768127441406,0,507.880522054036,254.097035474555,530.942563570463,300.785339355469,0,0,663.263275146484,618.350345066616
