0,208.629613254847,183.687119433754,218.560054779053,177.675614937065,103.68617487531,185.142729622977,180.62441184304,0,119.74051986506,124.187156215614,271.312438255133,214.509105335582,226.149801345099,159.957991948203,330.418426513672,161.656372070312,0,168.699430264109,0,50.1874797928285,205.265594482422,0,0,0,0,0,0,0,182.557510375977,0,0,0,244.313934326172,250.326745466752,0,0,70.443440246582,73.8919372558594,59.046289044635,45.7095759689331,79.9488149162467,226.665594482422,125.386940002441,0,340.591888427734,0,240.636446866122,0,0,0,0,193.052810668945,0,0,47.7767913368311,79.3090277777778,0,0,248.557866023137,37.0969082415104,186.582168579102,148.437644631522,236.519058227539,0,0,320.368202209473,223.64111328125,90.9939905802409,68.8338194760409,0,0,0,0,165.004175186157,67.0023725237165,98.1766567887931,170.256382161921,149.555073343722,170.577624697081,0,0,0,209.337994782821,313.712313138522,0,0,239.899948120117,0,245.925827026367,144.90399727998,176.029281361898,0,0,229.75072479248,0,226.727447509766,0,0,0,0,0,0,0,231.318832397461,241.812644958496,247.503547668457,257.529937744141,268.997583071391,0,0,0,0,0,234.051528930664,179.321304321289,312.804077148438,0,0,0,255.07105255127,254.347961425781,0,0,0,0,0,0,0,0,0,0,0,0,251.541933695475,0,217.816772460938,0,0,0,0,0,0,0,0,0,0,0,0,0,0,0,0,0,0,0,0,206.749572753906,358.005279541016,0,306.715026855469,0,0,0,0,0,0
208.629613254847,0,96.4640027751343,89.5955045467801,50.9369463805362,142.955381851196,72.6001045166556,70.6192239012037,51.1596994814665,55.7346595023289,265.603201599121,70.6465108216698,148.78956413269,212.755458831787,171.354067802429,107.097763687817,0,0,150.096092224121,157.0810546875,159.19982808431,214.432273533033,76.1256729125977,191.975622558594,207.066579182943,115.912237754235,112.677873362666,42.941873550415,201.990750312805,238.27941830953,206.704040527344,161.294093322754,162.438768286454,228.124058599057,173.995055817721,46.3164198984865,99.1970138549805,159.324749755859,143.88040785356,147.12130355835,175.299942016602,127.775531223842,147.361057281494,205.821656545003,123.761503219604,153.149531210622,231.020842979694,227.381126115907,218.587645121983,0,85.5412779170156,0,129.066631317139,153.116317749023,98.4155206680298,138.473481958563,101.972549438477,99.1756006263825,90.6455104304295,62.350573735159,159.173634052277,147.613882307573,132.881841194202,100.140202423447,107.688726425171,99.2792948404948,56.6948805095769,101.022971715246,114.242147445679,138.953618367513,96.1621156513985,193.717512342665,109.314253997803,98.4326224693885,108.574064625746,133.348056820267,122.189241413457,134.724831989833,164.731029369213,135.543204994095,114.137911869929,276.485534667969,106.216412862142,118.625775818686,107.003786278013,101.688953582242,88.5578425480769,91.0580642123182,349.599853515625,88.0081330889222,122.386986051287,103.666090608168,62.4047654908279,0,0,182.287740707397,0,0,213.572222900391,233.322498321533,148.001796086629,0,0,212.872965494792,271.063995361328,0,0,257.237594604492,201.778873443604,234.038711547852,0,0,246.766189575195,0,202.082801818848,117.67391204834,0,263.760837554932,211.414040198693,237.638753255208,228.477312360491,232.478517532349,135.884248352051,0,56.060476364943,0,281.84937613351,360.935577392578,0,180.027587890625,314.930877685547,0,0,0,229.418067932129,208.347579956055,108.653824469622,150.043688456217,168.170076796998,0,280.797004699707,0,0,0,0,150.958459854126,188.486667633057,0,220.938227335612,0,0,0,0,102.104112798517,0,0,0,196.690253486633,192.828942750363,182.92786026001,0,139.658493041992,0,161.23233595628,0,338.647552490234,0
183.687119433754,96.4640027751343,0,68.2318139750081,76.096787223643,185.170586969435,119.490849540347,63.8553615146213,43.6973063512282,106.90478955081,236.140787760417,167.609777945059,102.729678129332,141.275250196457,165.510424296061,0,183.076751708984,83.4243201149835,174.91971282959,90.336546509147,212.303161621094,225.926098887126,73.8778305053711,114.094298836963,55.9487737902889,66.5749716220942,120.697422218323,0,0,150.415725708008,126.543230724335,111.263818769313,124.480274247925,146.275061121958,113.432340809571,103.6063005036,117.42654294553,0,223.493896484375,188.331268310547,127.236110687256,65.8672359300696,91.1742899781567,126.564949035645,183.035676574707,121.212994893392,206.193759918213,169.081027030945,0,82.1675294240316,74.4776333256772,0,0,118.346450805664,0,122.664756774902,141.588928222656,63.9133636429465,62.355216727471,120.475574856713,0,178.733800252279,196.558523601956,69.302915173306,87.6895277189172,35.7812885527915,107.5627716466,68.9793424933848,119.235275962136,220.472111293248,67.8588110310257,74.9112243447693,68.9920923177712,0,112.497152848677,0,289.351409912109,193.259773763021,167.401736814584,176.914582464045,68.7222746743096,62.53220777385,57.8148574402992,111.883647918701,45.5903320298837,92.1162022352219,68.0748150131112,64.166250562258,78.2322334756657,100.353092956543,180.060055629813,179.100981972434,205.620819091797,128.954606789809,0,198.900960286458,195.182544708252,156.998127859147,82.5533376761845,107.465267181396,112.790172576904,0,0,0,163.409883972168,173.1943359375,159.020931510038,156.282462474701,164.839761383679,176.960388183594,157.836227416992,0,0,0,0,0,141.010251315135,234.655242919922,217.704177856445,230.425254821777,185.948833889431,168.385301987902,238.93058013916,119.831690894233,64.8587089426377,0,202.946273803711,0,0,301.145202636719,0,0,171.820953369141,0,0,148.294063568115,0,181.569315592448,180.671649456024,0,0,165.597407023112,0,0,146.050857142398,130.578859896273,117.455536745032,0,0,0,0,0,0,0,187.155266501687,86.3214954207925,119.296035548619,0,134.852047358128,0,160.432565053304,137.134391784668,108.843830173666,216.36083984375,251.78401184082,295.292510986328,0
218.560054779053,89.5955045467801,68.2318139750081,0,39.605484040736,166.653320207783,75.2685110236114,51.4932990734394,25.4820174555625,120.934514147531,232.538293021066,259.745037841797,135.750400078006,203.583617470481,116.391016311646,284.006444295247,123.28683980306,151.633823394775,212.470331827799,107.379289692846,203.838266455609,131.084609985352,77.3848951326,125.463789449419,73.1659536054057,95.9291869864976,109.092556908017,0,221.699493408203,201.894577026367,75.5564736905305,90.6508781095094,103.155043535734,115.588932745058,129.543023157357,48.321937093873,43.2094454025596,184.058181762695,179.868453979492,269.079535050826,210.845269944933,62.9922157086824,90.2858640195463,210.490934753418,90.5999667255052,161.544472757975,181.582583060631,205.517994328549,191.718481445313,0,43.8774251227683,90.6553039550781,168.643941515968,114.902875900269,143.354836915669,182.693895339966,147.994669596354,61.9603153824806,64.951556149651,80.959448014629,226.53076171875,89.4384619657658,140.235176635825,99.5395334035382,128.022546223232,55.0744142603785,78.2896675913674,64.8760212214956,128.117437521617,143.189829400245,64.6559562149048,85.262735228105,98.890600166617,122.460653032575,119.058911913154,148.16493376246,136.446269526626,135.154312799627,157.350028991699,148.749736848572,71.1251102154071,37.5178413737904,54.8322902320511,136.306775880897,195.463561133335,104.912546112781,69.699586885091,112.256749332627,66.8903555870056,153.686562856038,123.450579924905,124.131267967653,109.184012413025,0,315.858734130859,362.621704101562,260.665420532227,210.434438069661,173.298199971517,176.487026977539,167.006656465076,0,0,0,227.986077350119,0,201.275329589844,232.681350708008,222.606533209483,230.587783813477,230.007904052734,329.463012695312,0,0,244.079299926758,0,0,344.073913574219,220.395095825195,317.079528808594,278.576904296875,216.332437515259,0,0,125.607897440592,0,377.297286987305,0,0,222.227600097656,373.436716715495,0,0,304.872955322266,0,191.031164730296,249.84028116862,0,149.384948730469,0,0,0,0,0,214.357582092285,177.255705399947,218.399129867554,0,0,0,0,0,286.511993408203,227.143175565279,0,0,0,233.926923116048,195.98082431994,353.359893798828,197.698272705078,0,0,181.835946655273,0,0,0
177.675614937065,50.9369463805362,76.096787223643,39.605484040736,0,130.258080313166,82.7549410309903,57.6618168534904,49.9231967926025,59.2248509489236,196.556542789235,180.123179626465,99.9256172180176,170.180609526458,93.7106331189473,205.806760641245,112.551412582397,106.620086669922,114.642500964078,107.000924428304,117.400531768799,221.240834917341,74.7161730448405,135.746763082651,0,100.059772144664,89.4175313313802,0,0,93.4553146362305,102.792277018229,120.12219781142,132.816547393799,128.443334726187,188.600825068927,146.025924682617,129.145066942487,143.394005911691,133.578409194946,214.262035369873,185.405581156413,57.3308480580648,120.924574110243,0,94.6734639948065,137.608252461751,225.865348392063,256.091348474676,144.190414428711,0,41.9087598058913,0,199.428077697754,0,92.4266675313314,197.420975180233,345.714630126953,79.0195266723633,74.923815091451,87.2179099539052,173.630025227865,190.26272339291,136.34627316603,106.599872437175,155.128524780273,91.8727014715021,96.8614143958459,92.8736245255721,140.256815910339,152.949804867015,82.3533089160919,103.433513096401,102.877044861133,100.044090270996,123.500641716851,135.627926437943,135.013653983704,117.72582732654,122.924944559733,143.439571948762,89.04572168986,106.173263549805,77.8489886974466,140.737474925482,251.932746887207,114.322335309637,80.6113642374674,106.211862023855,0,127.220413208008,143.198202678135,127.217242368718,118.577693939209,0,0,0,251.272674560547,0,0,216.905883789062,203.155344645182,0,0,0,260.34575398763,0,0,0,249.492640177409,0,0,0,0,0,255.457565307617,233.103775024414,187.353935241699,0,0,427.227233886719,231.797248840332,313.586194992065,146.191673278809,0,38.498556137085,0,0,0,0,167.603271484375,167.666458129883,0,198.235733032227,305.940551757812,364.261810302734,179.096786630565,207.656717936198,0,195.829025268555,0,0,0,139.878645324707,0,0,0,386.214874267578,0,0,0,0,0,209.059509277344,201.472028096517,0,139.547668457031,0,235.185974121094,192.510450301632,331.620788574219,0,0,0,179.226277669271,148.423919677734,0,0
103.68617487531,142.955381851196,185.170586969435,166.653320207783,130.258080313166,0,94.4301937857827,109.191693397417,381.967559814453,75.08391195517,99.0797523395684,135.228278302011,178.89394569397,164.336082511478,122.100433750926,83.8270808628627,97.1092776594491,0,76.6727447853034,205.63564046224,58.0029144287109,191.679213523865,197.590148925781,242.042215983073,0,246.592005411784,253.300552368164,198.125961303711,288.592559814453,182.527633666992,247.814422607422,204.77857208252,220.739234313965,240.108891805013,234.485094920126,0,307.293914794922,125.709434509277,302.57293510437,291.632545471191,272.672626495361,63.5195127468483,212.864628601074,182.287153244019,0,163.16024017334,192.432311248779,217.003110476903,169.911683516069,0,168.330535888672,0,130.960678100586,0,0,123.961135864258,290.308609008789,233.213684082031,0,143.041332668728,120.259078979492,207.620973859515,169.232002682156,155.503725324358,141.740844726562,0,173.179444052956,140.795310465495,153.554696655273,283.863983154297,166.501731872559,198.891036987305,170.678013194691,0,168.306207275391,173.499367850167,177.79741698045,217.953021094913,289.973709106445,162.87572479248,0,0,211.335113525391,219.504567072942,221.982570546918,142.490876850329,0,158.721235448664,0,152.072261386447,204.022658454047,189.700469970703,210.289459228516,207.916488647461,301.500701904297,179.725540161133,195.925465175084,219.887613932292,0,227.574096679688,154.544755723741,0,165.073780059814,242.758041381836,219.157093394886,214.071545410156,227.083052201705,262.321954232675,230.342994644797,0,227.901931762695,227.043482462565,0,0,176.063949584961,59.1945621034373,220.595211253447,155.561298370361,236.171051025391,198.69259929657,200.988780975342,210.262480910943,161.184581756592,0,0,217.655456542969,155.210977172852,226.437118530273,122.44514465332,303.911670684814,256.499591533954,0,0,120.400369644165,235.610744476318,167.505621910095,167.807583618164,140.04933493478,162.73769017009,0,126.005130767822,0,181.088775634766,195.620376586914,0,0,188.140407017299,0,222.543770285214,0,159.558065202501,0,324.061477661133,199.271011352539,198.785659790039,0,194.741039276123,159.233976458559,230.432163839065,148.859263397926,261.778015136719,206.497468312581,0,155.308013916016,316.228485107422,106.061389556298,0
185.142729622977,72.6001045166556,119.490849540347,75.2685110236114,82.7549410309903,94.4301937857827,0,39.3548294634432,99.1349716186523,56.7072288508177,0,201.180288263269,144.380231221517,266.562316046821,228.102680206299,222.656008594441,300.450115203857,132.988906860352,249.679399762835,176.64673614502,101.88040785356,0,0,190.826126098633,141.481353759766,0,0,64.8957672119141,38.5740705377915,290.273270077176,168.231979370117,278.843098958333,352.938232421875,262.932331085205,204.632267543248,72.2326666514079,82.6000203450521,74.8157485961914,327.045913696289,117.846511756049,263.722800514915,47.1720495958236,247.188401489258,98.0305252075195,0,144.200218200684,0,0,162.162101745605,0,87.3919116973877,0,101.943999550559,70.200142451695,142.906066894531,97.5413360659281,89.230633354187,0,0,54.68625720342,252.394761657715,89.1080426122573,95.9870091334794,128.944716589791,111.013565063477,0,45.2458994041055,87.121166229248,55.241753048071,111.111149215698,0,351.929412841797,133.687932332357,0,118.069245048191,101.747459411621,116.492471083155,88.8591327667236,53.6661677584929,72.0018886933087,347.227401733398,169.51778793335,171.684415690104,92.1183118990489,72.5638376547366,138.906652832031,0,134.464721679688,170.173919677734,74.5362663269043,73.6737711308366,75.3447929299396,52.5777110099792,0,0,0,0,318.633605957031,0,0,0,0,0,231.42830657959,297.443084716797,0,0,0,296.058990478516,0,0,0,0,0,274.339904785156,261.997211456299,318.667404174805,290.636271158854,0,261.270935058594,0,136.856536865234,131.117584228516,0,116.154790605818,0,0,266.096225738525,0,221.823547363281,343.504364013672,0,0,0,399.362915039062,279.341326904297,188.589036349593,0,157.595611572266,0,0,0,189.499355316162,169.526748657227,0,0,0,0,390.053073120117,0,0,0,0,140.851512235754,0,0,0,192.736793518066,135.19336807251,423.982116699219,0,0,0,157.487018585205,0,0,0
180.62441184304,70.6192239012037,63.8553615146213,51.4932990734394,57.6618168534904,109.191693397417,39.3548294634432,0,59.1386969430106,35.7544448661429,0,0,0,196.498722839355,94.5176074688251,350.346160888672,129.635973612467,0,94.9717592511858,155.219787597656,0,0,0,0,0,0,0,0,0,0,0,0,0,0,0,42.034868998961,30.7844085693359,0,0,357.930165608724,0,34.7890604532682,138.376159667969,0,0,160.792282104492,0,0,0,0,50.1224276574103,0,64.4792222976685,30.3176109631856,0,173.326664515904,124.581642150879,0,0,91.3258819580078,0,79.3300975520959,150.196204400832,0,0,0,39.4350251375243,0,52.7417876503684,144.162445068359,0,141.668005625407,0,0,176.342239379883,154.846165974935,0,148.874995640346,125.398088628596,91.8756775033885,0,134.27104695638,83.4360618591309,0,312.270263671875,0,0,0,0,0,75.4977592468262,81.0501210954454,0,0,0,0,0,0,0,0,0,0,0,0,0,0,0,0,0,0,0,0,0,0,0,325.377380371094,0,0,0,0,0,0,0,0,77.8286743164062,0,0,0,0,0,0,0,0,0,329.168182373047,182.110748291016,0,0,0,0,0,0,0,0,0,0,0,0,0,0,0,0,0,318.562744140625,0,0,0,274.931127929687,0,0,0,0,0,0,0,0,0
0,51.1596994814665,43.6973063512282,25.4820174555625,49.9231967926025,381.967559814453,99.1349716186523,59.1386969430106,0,23.1869951883952,0,0,49.1508782126687,0,0,217.559982299805,0,52.8599746807201,0,0,0,0,0,0,39.3442914009094,112.364624023438,181.980239868164,0,0,0,0,0,0,0,86.8371734619141,67.76403465271,115.186592102051,0,0,0,0,68.7466051438276,87.7269338607788,0,0,0,0,0,0,0,36.2565163892858,0,0,83.9653854370117,0,0,0,0,0,0,0,0,184.515284220378,0,0,57.8738009134928,77.1985931396484,0,139.127777099609,0,0,0,0,0,0,0,0,0,156.85557774135,172.945495605469,0,40.0152980561224,27.0788345336914,0,68.2581034881481,0,0,0,69.5838489532471,0,187.188455963135,0,0,163.623764038086,0,0,0,119.673858642578,0,0,0,0,0,0,0,0,0,0,156.071395874023,0,0,0,0,0,0,0,0,0,0,0,0,0,0,0,42.0223156855657,0,0,0,0,0,0,0,0,0,0,150.917526245117,0,0,0,0,0,0,0,0,0,0,0,0,0,0,0,0,0,182.929092407227,0,58.8521734873454,97.047924041748,0,78.3149021693638,0,0,0,87.9003601074219,0,0,0,0
119.74051986506,55.7346595023289,106.90478955081,120.934514147531,59.2248509489236,75.08391195517,56.7072288508177,35.7544448661429,23.1869951883952,0,138.520080226963,196.619124812465,165.121572971344,208.781467914581,105.745014228821,208.177850549871,102.733203411102,46.1289854049683,56.6285475031535,0,179.367297363281,276.715108235677,0,192.365653991699,196.671432495117,130.938407897949,175.785459078275,0,337.141754150391,121.202850341797,138.069493611654,148.374331156413,156.803918021066,168.372605133057,186.221961531528,81.5613854148171,171.426284790039,197.030473327637,154.350086212158,248.221309661865,254.52010345459,50.6766426563263,130.105391670676,149.948374430339,102.724527994792,177.896992770108,238.337776184082,158.928649139404,102.991565704346,51.8363785062517,37.7692376595956,0,123.745498657227,0,0,91.4610763549805,0,149.496786117554,108.208688735962,124.071866353353,117.524638366699,85.8752788485903,134.948247338556,122.807403163545,129.17145047869,121.646540715144,68.9335920361505,121.747298496525,102.325454966227,147.503894240768,107.925165247034,272.585777282715,126.136101167445,0,133.023879083458,148.874039752667,144.203632248181,150.906149440342,161.277311706543,140.608864789951,162.942626953125,0,106.715818405151,160.186526558616,209.093500137329,130.998724987632,97.9040660858154,129.546328451781,0,128.238322050675,81.3604012402621,131.443851198469,162.978118896484,179.047073364258,489.226470947266,229.32063293457,0,0,212.808242797852,0,189.734420776367,0,0,273.952728271484,275.19416809082,0,134.291854858398,280.355224609375,202.644434611003,0,0,0,0,0,0,346.370635986328,112.853945414225,0,0,246.076904296875,0,308.117687225342,0,39.5344161987305,32.3857065200806,255.149017333984,287.8564453125,0,299.918182373047,164.819506835937,179.167556762695,0,0,0,0,158.142521802117,177.006820678711,0,210.919254302979,0,0,0,149.985268910726,0,0,326.695678710938,211.271041870117,0,0,282.410552978516,0,0,163.480224609375,182.744854397244,0,0,0,233.163221086775,198.329896352824,0,0,0,0,181.309224446615,178.51350402832,312.695617675781,0
124.187156215614,265.603201599121,236.140787760417,232.538293021066,196.556542789235,99.0797523395684,0,0,0,138.520080226963,0,185.61166685681,203.63938331604,211.217254638672,177.346542589592,283.917915344238,128.970526123047,0,117.965605841743,0,0,0,0,161.258590698242,0,360.853302001953,0,0,0,0,0,235.400741577148,260.348960876465,276.2177734375,267.607475280762,0,0,0,0,172.318695068359,85.5013313293457,160.180122375488,0,0,0,0,269.022491455078,0,0,0,0,0,0,0,0,0,0,0,0,0,0,0,268.602593994141,267.976298014323,0,0,160.920700073242,0,0,0,0,0,0,0,0,0,0,0,0,0,0,0,0,266.393127441406,271.234652519226,0,0,0,0,251.723175048828,0,0,0,306.801910400391,45.1002424160639,252.558587210519,0,0,0,0,0,0,0,0,240.103256225586,0,227.875213623047,0,246.388091314407,0,0,0,95.1040666368273,38.189569103184,69.3481159847315,74.9986685922701,0,193.967742919922,0,183.792877197266,0,230.046138763428,189.856633504232,0,0,0,0,0,189.617248535156,74.745259148734,0,0,0,0,48.3195628881454,0,220.859615920426,315.445404052734,190.27490234375,0,0,0,229.038223266602,81.0818382711972,0,0,0,0,0,69.8365817599826,0,0,110.016035988217,218.236842335395,0,0,0,201.432178497314,269.626028126684,166.552688598633,0,249.213317871094,0,205.953643798828,0,116.624042510986,0
271.312438255133,70.6465108216698,167.609777945059,259.745037841797,180.123179626465,135.228278302011,201.180288263269,0,0,196.619124812465,185.61166685681,0,93.0222407985875,86.712631164453,51.9651087183861,69.8945205512594,70.6868581713343,63.3712547847203,55.4802239261347,0,0,128.655241012573,0,0,0,237.478511810303,271.756283230252,23.8892688751221,40.4933433532715,0,0,0,143.557006835938,195.258403233119,226.009948730469,108.828693389893,0,294.738911946615,151.008438110352,0,210.878463745117,137.59497833252,0,0,160.643760681152,184.878958740234,124.350407409668,177.124649047852,160.987793604533,0,227.085037231445,148.023513793945,0,0,0,303.56111907959,250.530685424805,0,0,207.391995829921,0,179.047332763672,179.484654744466,111.593521118164,159.795324820059,0,299.070259094238,212.595373535156,356.373229980469,0,0,0,218.100654602051,0,177.795629577637,0,251.74723815918,0,272.375022888184,156.013423572887,0,0,124.865295410156,188.00921039192,115.738249271883,166.298056030273,0,169.486629486084,0,145.951071768096,250.268240792411,221.371765136719,232.493089563706,0,124.744358062744,186.538812480989,116.453395843506,159.095142071064,219.516979762486,104.425438023213,97.7578842471344,0,211.565673828125,112.337116241455,128.695441246033,101.98721631368,143.334479088877,152.835587752493,145.040217873579,86.1853453131283,80.6590751647949,83.6780090332031,158.688016255697,100.007789611816,187.794415791829,165.584273338318,130.824614388602,149.095014572144,128.014291651109,206.234100341797,265.228096008301,168.41940668651,163.252870559692,0,70.6548605665776,0,132.627928597587,101.375549316406,127.295713806152,205.962972005208,197.605038729581,266.388275146484,252.532920837402,61.3478288173676,199.294333321708,143.522419153258,126.980585301176,97.4071435506365,107.538117211232,0,53.5870367836031,52.6843815247218,200.126510966908,0,140.607811482747,116.171684875488,111.075046723464,89.2197525024414,104.832874213089,116.621870422363,112.125777140702,177.462641398112,238.659183502197,132.317613135937,142.302947998047,0,159.169006347656,109.139239204,86.7058252445081,104.459431483455,100.872451782227,92.8325892686844,101.450225830078,96.67388963595,112.600511550903,97.3224623460036,0
214.509105335582,148.78956413269,102.729678129332,135.750400078006,99.9256172180176,178.89394569397,144.380231221517,0,49.1508782126687,165.121572971344,203.63938331604,93.0222407985875,0,57.155085608136,72.3587197569472,112.116032204977,70.0641890816067,36.1808766365051,102.904215256122,126.739713287354,0,112.774711608887,0,208.714001655579,141.50999487014,129.871447914525,35.8224296569824,0,0,0,307.532363891602,0,0,180.086919657389,174.598489831995,0,147.590812683105,0,0,0,0,0,0,0,0,0,0,108.087577819824,0,0,31.9782748222351,0,223.300553894043,0,0,0,0,0,0,212.43286895752,0,0,234.201263427734,121.168590000698,142.959163665771,0,181.797134399414,111.236102422078,0,0,104.130855984158,104.967533342766,110.290461019205,0,172.156953811646,0,0,0,0,189.811141967773,0,101.407669067383,117.52823638916,0,41.7295475190794,0,103.864083063035,117.498362665591,130.545575228604,0,273.400543212891,222.370501708984,223.066738128662,93.0516275154365,177.022169113159,166.673988907425,94.6589972178141,105.133220178418,61.9058895031611,63.4507796507088,66.5149482603996,58.8690910339355,0,0,95.779771604036,105.750000255448,99.6915751674719,97.1484625853844,114.632537937743,155.583903694153,77.2409820556641,141.493937174479,0,199.420389811198,0,58.2723719733102,98.8548873295058,116.944400787354,161.932782491048,0,112.087106704712,110.812234846212,369.615875244141,96.7501258565419,52.2937414759681,0,156.734832763672,99.6305458586095,0,79.120475769043,116.203033447266,83.8453743227066,79.4756773746375,96.7522800075474,142.319061279297,150.443557739258,193.68811118386,79.605140530861,120.703310603187,48.1466173857785,97.4598953540509,71.9779912271807,167.604044278463,179.340396881104,76.3505952604886,73.9890425350504,68.5214896265909,0,117.741265869141,183.068969726562,287.155598958333,215.96216583252,220.25241561163,172.850722877113,83.4224431812763,52.6945500171546,56.0495733271174,188.650856018066,56.3508311934005,125.536546253023,72.6869091707117,63.9655486646905,84.4284245601067,74.0708997514513,0,166.284172058105,428.050323486328
226.149801345099,212.755458831787,141.275250196457,203.583617470481,170.180609526458,164.336082511478,266.562316046821,196.498722839355,0,208.781467914581,211.217254638672,86.712631164453,57.155085608136,0,41.5158688006497,76.4961806532419,62.0531661373445,39.5452593320037,117.383066314186,0,0,0,0,417.18603515625,0,151.781026022775,175.068349202474,0,0,0,0,0,202.69743347168,185.736263275146,203.992654042701,0,0,0,0,0,292.308380126953,0,0,0,0,0,0,0,158.652854919434,0,259.639137268066,0,365.129608154297,0,224.514053344727,0,0,0,0,188.856643676758,0,274.771845499674,277.602716064453,225.824412027995,0,0,324.392486572266,0,350.34315999349,0,168.100372314453,189.691980997721,0,0,229.49388885498,0,0,273.844177246094,285.363006591797,247.471247355143,0,130.248123168945,0,219.957934211282,165.626646215265,0,0,0,0,161.641952514648,0,0,0,108.213614344597,183.031357421875,172.056621844952,97.3501372364281,121.166675287135,102.431487083435,91.9984097901513,98.100576594256,0,0,206.292846679688,87.161267982339,102.715279823126,102.435600662569,125.842151174358,128.144934646116,62.5624906515359,47.3354696457042,119.538835906982,228.036545753479,0,205.470547069203,56.462650822055,90.3913538535906,269.296300252279,147.225823255686,216.24301288746,160.361849678887,150.801685974977,82.0425796508789,99.8939317975725,91.8353882789612,121.091221809387,129.492254397744,67.9014299447588,161.899698257446,121.952337265015,127.00626030264,82.5342183664543,88.6920603179932,96.1886630704774,162.868601989746,112.763879129964,134.250952438481,106.460464993039,116.348938013544,48.427322692297,60.9078728408012,63.5754864858736,99.4685409409659,134.221857863206,85.9684235709054,86.7991277182974,97.4872204007025,122.987869664242,118.958528129727,138.173590932574,136.55039171202,134.402965545654,138.242898332312,135.377925877855,90.3964245740105,67.3638753547668,62.1610774321844,126.698600658472,135.22573400225,113.07780038602,92.8596516535832,98.2352226645259,131.153762817383,122.901906135755,81.8911639246447,127.749030693581,161.168298339844
159.957991948203,171.354067802429,165.510424296061,116.391016311646,93.7106331189473,122.100433750926,228.102680206299,94.5176074688251,0,105.745014228821,177.346542589592,51.9651087183861,72.3587197569472,41.5158688006497,0,89.3782967177013,62.6744787395,32.7780166294264,70.2353278140979,0,0,0,0,302.662322998047,0,161.177932739258,207.95295715332,0,0,0,0,288.25390625,0,246.640930175781,248.029014587402,0,0,0,0,0,304.311920166016,0,0,0,0,181.339614868164,0,0,0,0,55.6156072616577,0,0,0,0,0,0,0,0,0,0,85.5890350341797,268.742559814453,220.276992797852,0,0,125.534332275391,205.654739379883,0,0,0,385.920623779297,0,0,314.151336669922,0,0,0,313.878784179688,233.949381510417,0,0,0,222.434559483682,181.766156238058,0,0,0,0,0,0,300.17578125,227.308578491211,99.8353302567093,146.854751586914,141.124692049893,137.048010770012,127.805914658767,94.5191345214844,98.813111199273,105.674886603104,0,0,163.142798423767,115.87642288208,110.306597116831,112.552252109234,122.944327518858,152.548892835631,158.151885986328,30.8423652648926,154.715005874634,137.903322219849,156.742553710938,252.680524190267,132.364609527588,105.912953457934,161.642126464844,142.637276785714,163.370835876465,169.560006921942,178.899019796637,96.0544662475586,110.684803771973,23.608565568924,0,189.891856853779,39.5952854156494,123.189918518066,210.679345703125,223.420909399274,93.038120616566,97.0962356567383,126.997595977783,155.024626159668,108.052222461235,133.049614174852,107.59538261707,121.350392949661,75.1987915039062,74.8122059595017,75.2314025215481,87.6075587639442,145.572494506836,86.8635132248337,103.577913920085,102.910438537598,98.8333740234375,127.188610644104,137.210794549239,135.552972691033,178.447357177734,96.9972143173218,143.593132955986,92.033281214097,52.7466087341309,90.9605784098307,128.012916564941,199.471841291948,117.990310294496,87.289306640625,104.44694874699,0,122.442708528959,107.535354614258,137.694381713867,0
330.418426513672,107.097763687817,0,284.006444295247,205.806760641245,83.8270808628627,222.656008594441,350.346160888672,217.559982299805,208.177850549871,283.917915344238,69.8945205512594,112.116032204977,76.4961806532419,89.3782967177013,0,45.2127866244816,106.578414045061,65.1781150257943,0,0,164.374313354492,0,0,0,0,0,0,333.124298095703,291.270385742188,274.060607910156,0,281.297119140625,284.157287597656,292.53207567003,0,0,355.650482177734,0,0,267.713087463379,201.48620223999,0,0,0,186.211738586426,0,0,0,0,108.250003814697,144.076095581055,0,0,0,321.475362141927,0,0,284.896240234375,236.692474365234,433.764678955078,0,198.861516525496,0,168.029449462891,0,291.865127563477,0,252.098190307617,318.018463134766,0,0,0,0,217.777669634138,0,141.353935241699,330.327239990234,256.519869486491,194.995935712542,0,0,0,162.000781419542,77.2851571450686,0,0,0,0,0,0,0,0,183.537491353353,168.100590485793,101.86799621582,0,216.285074633221,0,0,0,0,37.8866428799099,258.442359924316,172.913543701172,173.96703011649,181.500365979744,221.805616378784,225.307953467736,68.9123499162735,62.8133772069758,259.144996643066,200.989300120961,98.8622824774848,250.183286745686,45.4237531091749,150.912962265957,152.380137125651,0,120.046540578206,0,0,133.333293914795,0,106.741455526913,0,102.622267657313,74.72968217642,0,128.963694597678,123.963062534671,156.068638392857,178.586944580078,75.0049741744995,212.222245025635,86.5125767103633,97.6256149096411,135.021560668945,0,117.682086803295,39.1078457375486,128.50639481978,49.5144180297852,145.713493585587,227.991683959961,167.415685017904,0,0,114.910404644181,130.677665100098,109.713269747221,106.725259780884,70.8381096371532,83.9061162604347,181.357517242432,146.912745157878,159.101112628805,99.2230658827786,50.3116040886312,100.59797668457,0,0,0,99.6194648742676,86.0700290543692,60.6359020428224,0
161.656372070312,0,183.076751708984,123.28683980306,112.551412582397,97.1092776594491,300.450115203857,129.635973612467,0,102.733203411102,128.970526123047,70.6868581713343,70.0641890816067,62.0531661373445,62.6744787395,45.2127866244816,0,71.9809183393206,45.3326493227646,0,0,0,0,0,0,0,0,0,0,0,0,0,0,0,0,0,0,0,0,0,0,0,0,0,0,0,0,0,0,0,0,0,0,0,0,0,0,0,0,0,0,310.548461914062,196.321655273438,0,0,0,337.503875732422,0,0,0,0,0,0,0,0,0,0,0,0,202.863479614258,0,0,0,253.282238769531,212.945587158203,0,0,0,0,0,0,0,0,148.121461868286,112.550262451172,0,0,164.192888532366,147.623779296875,0,0,0,0,0,0,138.258377075195,150.935852050781,0,178.752723693848,26.7767471637366,33.4008876085281,0,0,0,0,41.6180676889583,83.9515289053859,244.860412597656,0,0,0,0,0,0,52.477456501552,0,59.3373344127948,38.3689904522163,0,102.530754230641,111.988074493408,132.894622802734,0,0,117.780578613281,67.5501364734158,141.894968454461,0,0,29.2615804672241,53.3473481636543,0,56.5176544854807,0,0,0,0,0,129.27668762207,0,155.514332164418,0,219.816593170166,118.758405015275,125.386192321777,117.640935491343,117.216575193405,157.577290852865,0,0,0,0,0,0,49.9169202887494,45.2100744247437,0
0,0,83.4243201149835,151.633823394775,106.620086669922,0,132.988906860352,0,52.8599746807201,46.1289854049683,0,63.3712547847203,36.1808766365051,39.5452593320037,32.7780166294264,106.578414045061,71.9809183393206,0,91.2080702781677,0,0,0,0,0,128.916564941406,0,0,0,0,0,0,0,0,0,0,0,0,0,0,0,0,122.943031311035,0,0,0,0,0,0,0,0,45.5879383087158,0,0,0,0,0,0,0,0,0,0,0,184.419067382812,0,0,0,0,0,114.562316894531,0,0,0,0,0,0,0,0,0,0,248.89003499349,0,136.681184354036,0,0,55.5388377645741,0,0,0,0,0,239.419174194336,0,0,0,0,0,0,0,35.2174902695876,0,140.298690795898,0,0,0,0,0,0,0,0,0,83.7367073341652,0,0,0,0,73.4970981052944,67.2247726652357,0,0,0,0,0,211.284469604492,71.1005062103272,33.5469223160342,0,0,68.6551832901804,0,0,0,0,0,0,0,116.884732898913,173.310462406703,0,0,0,0,0,120.877329508464,0,0,0,0,0,0,0,0,0,148.407455444336,164.747830549876,0,45.473872938076,57.1403274536133,207.955932617188,73.2822846472263,0,0,0,58.1468284130096,0,0,0,0
168.699430264109,150.096092224121,174.91971282959,212.470331827799,114.642500964078,76.6727447853034,249.679399762835,94.9717592511858,0,56.6285475031535,117.965605841743,55.4802239261347,102.904215256122,117.383066314186,70.2353278140979,65.1781150257943,45.3326493227646,91.2080702781677,0,0,0,138.320220947266,0,0,0,188.635856628418,245.499536367563,0,0,0,0,0,0,250.489856719971,257.131626475941,0,0,190.308776855469,326.276489257812,0,0,146.811004638672,0,0,0,163.042678833008,0,180.795967102051,192.441055297852,0,47.1597506205241,0,0,0,0,0,0,0,0,0,0,421.175048828125,245.487905883789,0,0,0,315.305072021484,0,0,0,0,0,0,0,196.715014648437,0,0,0,304.540512084961,248.384033203125,0,0,0,230.30380896366,177.693997392031,0,129.278350830078,0,0,188.848922729492,287.865203857422,252.86311340332,0,235.739568074544,141.726332092285,143.64851252238,169.565948486328,178.985736423069,0,120.724357537464,122.794361241659,0,91.5034599304199,134.455154418945,160.362581004267,173.80349222819,169.039251926967,195.356542314802,182.144229740291,67.5682521396213,0,178.35368347168,138.586561584473,202.358693440755,151.764007568359,75.2227340274387,61.1063578336135,147.557682037354,201.277697753906,131.102876935686,242.378648757935,164.771501313656,135.953384399414,61.5546754201253,45.5692188112359,0,163.646675109863,41.958686765035,157.050104777018,192.272416548295,234.428105256995,287.649341583252,318.636322021484,161.300251483917,195.981642723083,92.699244817098,137.964252825409,123.328362051365,138.922022925483,270.243927001953,52.1774870637175,184.514701298305,83.0935243459848,128.442708333333,178.427321297782,0,127.130309985234,121.729644775391,142.378932317098,134.333282470703,137.580464882426,101.189865112305,151.979911804199,143.655782988577,217.841232299805,0,381.269256591797,136.05853285509,193.265390230262,135.905043721199,139.887130737305,127.195861404007,0,128.271249210133,89.3933038711548,114.414540539049,350.900634765625
0,157.0810546875,90.336546509147,107.379289692846,107.000924428304,205.63564046224,176.64673614502,155.219787597656,0,0,0,0,126.739713287354,0,0,0,0,0,0,0,0,0,0,36.0964245289483,41.8180819364155,0,0,0,0,0,0,0,39.3722072601318,52.7100334415188,73.0931406719931,142.982776641846,116.781979878743,0,0,0,167.885665893555,146.752975463867,29.4200541476409,0,0,0,0,0,0,25.0418658256531,113.862362452916,0,0,0,0,0,0,62.6948517779915,0,0,380.851104736328,0,271.802734375,0,197.789337158203,76.6836073840106,178.068707275391,55.0988459153609,190.077365451389,0,41.7306968550876,47.8222792507187,92.7034313746861,0,0,264.888229370117,0,263.974126180013,225.219992955526,238.277973848231,33.3647288228526,33.3221172756619,42.7349049635292,0,138.685061136882,0,207.686065673828,0,29.8889113907265,0,250.585264726119,239.807815551758,0,156.653289794922,0,0,0,149.68666948591,186.422936383416,328.301361083984,0,0,0,0,0,0,0,0,181.900924682617,0,0,0,0,0,0,0,0,0,0,0,0,0,0,0,0,0,0,0,0,0,0,0,0,0,0,0,0,0,0,0,0,0,0,0,0,139.477005004883,276.181732177734,0,0,0,0,0,0,0,0,0,138.114944458008,0,236.831387446477,0,0,0,170.564876556396,0,0,0,0
50.1874797928285,159.19982808431,212.303161621094,203.838266455609,117.400531768799,58.0029144287109,101.88040785356,0,0,179.367297363281,0,0,0,0,0,0,0,0,0,0,0,0,0,408.054962158203,0,0,0,0,0,166.31887290057,0,182.241119384766,281.186386108398,241.462554931641,268.912574768066,411.848205566406,0,47.2091885548846,113.158192541366,50.7587088111949,47.7262100380838,0,267.371337890625,120.092900085449,0,178.371337890625,0,0,109.194396972656,0,0,0,211.767106276292,0,0,45.9138736584016,62.2287666179516,0,0,0,48.7398620548598,218.339813232422,92.6339085791348,0,0,0,300.041342544556,0,262.145071665446,52.3258197857358,0,0,0,0,122.795381207332,58.1544761675797,79.6361988765473,82.0955196391432,154.38975032518,108.64354171131,0,0,233.698135375977,148.176390895137,232.826885223389,0,0,0,163.13801574707,0,123.479767957847,107.851902795043,304.693389892578,0,0,0,0,333.629516601562,0,0,0,0,0,0,0,0,0,0,0,0,0,0,0,0,0,0,0,0,0,287.959655761719,0,0,0,0,0,0,0,0,0,0,0,0,0,0,0,0,281.955459594727,0,0,0,0,0,0,0,0,0,0,0,0,0,0,0,0,257.153656005859,0,0,0,221.352587381999,0,0,0,0,0,0,0,0,0
205.265594482422,214.432273533033,225.926098887126,131.084609985352,221.240834917341,191.679213523865,0,0,0,276.715108235677,0,128.655241012573,112.774711608887,0,0,164.374313354492,0,0,138.320220947266,0,0,0,0,0,0,300.422622680664,141.66207359102,106.131348927816,0,0,0,0,139.727325439453,0,37.9857757531143,0,0,0,0,0,0,0,0,101.760257720947,0,51.1159648329437,34.1520035034435,36.3529022869311,37.018732254525,0,0,0,0,0,0,0,0,0,0,148.337236192491,0,0,0,90.2756345473421,91.1000353180471,0,0,0,0,0,0,0,0,0,110.527659764899,0,0,0,0,0,0,0,0,139.912384033203,248.533709899239,100.241567905361,0,55.1757281043313,0,77.1628741264343,0,146.790516853333,0,0,0,67.9823302203462,0,0,0,0,191.906740385911,0,136.847145080566,0,0,0,0,0,135.446467263358,0,0,0,0,0,0,0,0,0,0,99.9327030181885,121.069677988688,138.407713572184,101.082953316825,0,0,0,0,0,0,303.818481445312,160.190582275391,0,0,0,0,0,0,86.3111486434937,180.126714038849,0,0,0,0,0,0,0,0,0,0,0,0,0,0,0,0,0,0,0,259.967163432728,65.3534507751465,0,0,0,163.79395980835,324.412475585938,0,0
0,76.1256729125977,73.8778305053711,77.3848951326,74.7161730448405,197.590148925781,0,0,0,0,0,0,0,0,0,0,0,0,0,0,0,0,0,0,0,0,0,0,0,0,47.6059039196411,0,95.5181198120117,80.3821360270182,97.3505706787109,66.1677190494267,66.2948118335139,0,0,0,0,0,0,0,47.2234746834882,0,37.7568575530756,41.0601364114628,127.308303833008,0,0,35.1747820438483,47.0230421986845,38.9806251525879,39.5635741097586,0,190.453495025635,0,0,96.5055692204377,0,0,0,52.247236309944,144.797256469727,0,85.8555224874745,53.5180523635467,0,0,87.7847061157227,0,123.253154032939,0,136.038937932795,0,0,150.402755737305,0,0,0,0,0,0,0,66.5424369315089,48.4159097939121,111.104309358459,0,0,159.034965515137,155.346484764473,88.9039467898282,0,0,0,0,0,0,0,0,0,0,0,0,0,0,0,0,0,0,0,0,0,0,0,0,0,0,0,0,0,0,0,0,0,0,0,0,0,0,0,0,0,0,0,0,0,0,0,0,0,0,0,0,0,0,0,0,0,0,0,0,0,0,0,0,0,0,0,0,0,0,0,0,0,0
0,191.975622558594,114.094298836963,125.463789449419,135.746763082651,242.042215983073,190.826126098633,0,0,192.365653991699,161.258590698242,0,208.714001655579,417.18603515625,302.662322998047,0,0,0,0,36.0964245289483,408.054962158203,0,0,0,49.2206164893754,97.8153119768415,203.579243251256,0,0,0,0,0,0,31.9205254899695,47.1958957032936,145.987316894531,131.846066792806,0,0,0,0,0,61.1666011810303,0,0,0,0,0,0,11.3657894134521,144.828514099121,0,0,0,0,0,0,90.916872660319,0,0,196.377639770508,0,0,0,0,87.9133245604379,167.885631103516,96.2699761824174,200.125366210938,434.301940917969,74.9066244272085,46.348332229702,125.512059125033,0,0,358.977844238281,0,348.309478759766,235.719043465548,241.469953838148,64.9355592580942,0,70.0461079840567,363.359909057617,125.938387614925,0,202.235046386719,0,31.3095894346432,0,289.678590774536,247.048571777344,0,173.661089579264,0,0,0,196.376630147298,191.490210692088,0,0,0,0,0,0,0,0,0,153.048250579834,0,0,0,0,0,0,0,109.789211273193,0,0,0,0,0,0,116.212600708008,0,0,0,0,0,0,0,0,0,0,0,0,0,0,0,0,0,0,0,0,0,211.458951677595,0,0,0,0,0,0,0,0,0,0,0,0,209.253919067383,0,0,0,151.029242197673,0,0,0,0
