0,118.486615371704,138.433282929237,130.696741585092,127.060240858602,149.675372903758,155.098600506783,0,0,0,0,0,139.739824134034,383.848611121084,351.559112548828,153.247741699219,226.178125063578,374.829656747671,151.018449012269,148.333660380046,127.940126800537,150.468282911513,0,0,0,0,0,0,269.099853515625,0,282.437851186899,0,399.386764526367,0,0,0,0,0,0,0,0,0,0,0,0,0,0,0,0,313.297256469727,0,0,0,0,0,0,0,0,0,0,0,0,0,0,0,0,0,0,0,0,0,0,0,0,0,0,0,0,0,0,0,0,0,0,0,0,0,0,0,0,0,0,0,0,465.797159830729,0,0,0,0,0,0,0,535.568224471655,0,0,876.66591389974,0,0,0,878.585789271763,0,966.487683105469,0,0,0,0,550.499938964844,0,268.529405767267,484.052418976538,189.126186174846,0,0,0,439.609069824219,287.531648908343,376.645678106944,570.512390136719,547.6098777771,592.428874997327,458.072326660156,465.498321533203,565.729242425216,623.186265425249,596.453560557214,436.039872229589,253.695587158203,221.100356933918,0,0,136.750181344839,226.989559761832,98.6304931640625,0,0,135.210610198975,0,0,0,194.555634180705,54.7108688354492,127.014953613281,137.785665239607,229.432117976499,447.909617405312,126.367524580522,144.875522725722,144.761517091231,171.871215820312,254.651855502212,532.379608154297,0,310.779064723424,0,0,0,655.352120772652,0,0,0,0,0,411.256011962891,646.401977539062,0,581.059862613678,554.91703414917,558.301859989345,0,0,830.361467633929,0,0,613.828857421875,0,0,0,0,0,0,0,0,0,575.932881673177,0,0,0,0,0,0,0,0,0,0,0,0,0,0,0,0,798.716583251953,0,0,0,0,0,0,0,0,0,0,0,0,0,0,0,0,0,0,0,0,0,0,0,0,0,0,0,0,0,0,0,0,0,0,0,0,0,0,0,0,0,0,0,0,0,0,0,0,0,0,0,0,0,0,0,0,0,0,0,0,0,0,0,0,0,0,0,0,0,0,0,0,0,0,0,0,0,0,0,0,0,0,0,0,0,0,0,627.856079101562,1005.13055419922,785.243240356445,0,0,0,0,0,0,0,0,0,0,0,0,0,0,0,0,0,0,0,0,823.892720540365,0,0,0,0,0,0,0,0,0,0,0,0,0,0,0,0,0,0,0,0,0,0,0,0,0,0,0,0,0,0,0,0,0,0,0,0,0,0,579.619995117188,1178.75549316406,571.116047363281,505.364264933268,490.421664369699,0,0,0,544.915451049805,0
118.486615371704,0,233.51725769043,252.60920715332,0,110.240197075738,177.031864929199,0,289.123779296875,0,0,0,196.886177062988,0,406.657470703125,127.594253540039,146.048286437988,124.470154444377,135.282889407614,84.1192156473796,67.6325531005859,112.077288194136,118.008528821609,326.184997558594,0,0,0,0,0,0,71.3808746337891,0,0,0,0,0,0,0,0,0,0,221.792327880859,0,0,0,0,0,375.922180175781,0,306.271677652995,0,318.995361328125,544.327649797712,0,0,0,0,0,0,0,0,0,0,0,0,0,0,0,0,0,0,0,0,0,0,0,0,0,0,0,0,0,0,0,0,0,0,0,0,0,0,0,0,0,335.048557281494,0,0,0,0,0,0,838.458170572917,447.990045166016,355.719285753038,373.816741943359,0,0,0,0,1177.99011230469,0,0,0,0,711.231201171875,556.585815429688,400.650904628209,0,0,570.538871765137,299.485252380371,0,0,1015.28942871094,0,0,381.204156958539,621.116821289062,374.236341303045,374.72711859809,0,0,470.146862030029,0,520.52619367327,249.927430608998,126.230437723796,138.032546097535,91.2517183477228,84.3155146512118,129.076016998291,191.494921875,108.580885610273,258.176268005371,189.433664321899,148.640639265923,0,175.351737976074,175.994274139404,159.243019321422,123.420155492322,0,0,219.792945135207,408.353916168213,65.4696480887277,99.0808936554251,85.0854263305664,92.4957046508789,207.162002563477,381.020614624023,0,197.594924163818,0,0,0,0,0,0,0,0,0,0,518.44175567627,0,476.260314941406,0,0,0,0,0,0,0,0,0,0,0,0,0,0,0,0,0,0,0,0,0,0,0,0,0,0,0,0,0,0,0,0,0,0,0,0,0,0,0,0,0,0,0,0,0,0,0,0,0,0,0,0,0,0,0,0,0,0,0,0,0,0,0,0,0,0,0,0,0,0,0,0,0,0,0,0,0,0,0,0,0,0,0,0,0,0,0,0,0,0,0,0,0,0,0,0,0,0,0,0,0,0,0,0,0,0,0,0,0,0,0,0,0,0,0,0,0,0,0,0,0,0,0,0,0,0,0,0,0,0,0,0,0,0,0,0,0,0,0,0,0,0,0,0,0,0,0,0,0,0,0,0,0,0,0,0,0,0,0,0,0,0,0,0,0,0,0,0,0,0,0,0,0,0,0,0,0,0,0,0,0,0,0,0,0,0,753.074554443359,477.367263793945,249.774954901801,0,0,0,0,0
138.433282929237,233.51725769043,0,135.87683665288,94.8521254197607,259.767045593262,243.756207784017,0,0,0,0,0,97.9437226005222,394.227924346924,178.781069225735,91.4880174909319,124.898129326957,0,134.425725614108,221.726768493652,116.777221679688,217.328163146973,0,0,0,0,0,0,0,260.266723632812,255.996107327736,0,0,0,0,0,0,0,0,0,0,0,0,0,0,0,0,0,0,309.882787068685,0,0,0,0,0,0,0,0,0,0,0,0,0,0,0,0,0,0,0,0,0,0,0,0,0,0,0,0,0,0,0,0,0,0,0,0,0,0,0,0,0,0,0,0,0,0,0,0,0,0,0,0,337.643590291341,0,0,0,0,0,0,0,0,0,0,0,0,0,0,0,0,0,182.758712223598,0,0,0,0,0,0,0,468.636260986328,611.285583496094,0,0,0,0,452.701614379883,381.106872558594,0,263.921268463135,0,0,170.908350626628,161.215547455682,156.511491775513,0,0,133.944618225098,0,0,0,0,0,74.5050102682675,0,282.157470703125,0,152.219141642253,225.035270690918,135.845667266846,145.43410382952,0,400.353332519531,0,337.586196899414,0,0,0,0,0,0,0,0,0,0,455.407614571708,0,0,0,0,0,0,0,0,0,0,0,0,0,0,0,0,0,0,0,530.34375,0,0,0,0,0,0,0,0,0,0,0,0,0,0,0,0,657.763061523438,0,0,0,0,0,0,0,0,0,0,0,0,0,0,0,0,0,0,0,0,0,0,0,0,0,0,0,0,0,0,0,0,0,0,0,0,0,0,0,0,0,0,0,0,0,0,0,0,0,0,0,0,0,0,0,0,0,0,0,0,0,0,0,0,0,0,0,0,0,0,0,0,0,0,0,0,0,0,0,0,0,0,0,0,0,0,0,0,0,0,0,0,0,0,0,0,0,0,0,0,0,0,0,0,0,0,0,0,0,0,0,0,0,0,0,0,0,0,0,0,0,0,0,0,0,0,0,0,0,0,0,0,0,0,0,0,0,0,0,0,0,0,0,0,0,0,0,0,0,744.550109863281,0,653.768859863281,386.441548665365,388.243980407715,0,0,0,593.375671386719,0
130.696741585092,252.60920715332,135.87683665288,0,100.414761528067,122.854341828305,110.131272452218,0,0,0,0,0,124.782779444819,331.549806917631,273.725486755371,0,301.478440761566,0,136.809897860965,139.448569297791,85.3980979919434,203.253021240234,0,0,0,0,0,0,0,0,217.204767600777,0,267.509939575195,0,554.185485839844,0,0,0,0,0,0,0,0,0,0,0,0,0,0,144.883605957031,0,0,0,0,0,0,0,0,0,0,0,0,0,0,0,0,0,0,0,0,0,0,0,0,0,0,0,0,0,0,0,0,0,0,0,0,0,0,0,0,0,0,0,0,0,0,0,0,0,0,0,0,526.882219587054,0,0,0,0,0,0,1224.64501953125,0,915.881408691406,0,0,0,0,0,116.998079299927,165.055854124181,266.390799840291,162.522777956182,183.361419677734,0,0,0,148.742251502143,549.457642555237,0,443.746337890625,594.619277954102,0,0,0,0,554.379679361979,366.812657674154,0,174.650373840332,0,0,82.7378311157227,195.189943350998,159.329124450684,0,0,0,0,0,0,0,0,75.1890716552734,109.435804176331,154.895600954692,406.783655166626,175.169459025065,221.824147542318,191.63271522522,0,160.208126857363,352.495819091797,0,0,0,0,0,615.346405029297,0,0,0,0,0,0,42.5252952575684,0,643.236694335938,0,0,0,0,606.393737792969,0,0,898.087951660156,0,0,0,0,0,0,0,0,0,592.81113688151,0,0,0,0,0,0,0,0,0,0,0,0,0,0,0,0,793.590698242188,0,0,0,0,0,0,0,0,0,0,0,0,0,0,0,0,0,0,0,0,0,0,0,0,0,0,0,0,0,0,0,0,0,0,0,0,0,0,0,0,0,0,0,0,0,0,0,0,0,0,0,0,0,0,0,0,0,0,0,0,0,0,0,0,0,0,0,0,0,0,0,0,0,0,0,0,0,0,0,0,0,0,0,0,0,0,0,0,663.901977539062,686.957092285156,0,0,0,0,0,0,0,0,0,0,0,0,0,0,0,0,0,0,0,0,820.627882215712,0,0,0,0,0,0,0,0,0,0,0,0,0,0,0,0,0,0,0,0,0,0,0,0,0,0,0,0,0,0,0,0,0,0,0,0,0,0,0,0,0,435.753240966797,578.147898798404,0,0,0,597.355674743652,0
127.060240858602,0,94.8521254197607,100.414761528067,0,112.413118735312,112.303638458252,0,0,0,0,0,101.473544836044,374.205993652344,0,47.7682418823242,0,236.523136683873,136.604380880083,123.5892533695,128.472636413574,76.6285781860352,0,0,0,0,0,0,0,0,307.770589192708,0,0,0,0,0,0,0,0,0,0,0,0,0,0,0,0,0,0,0,0,0,0,0,0,0,0,0,0,0,0,0,0,0,0,0,0,0,0,0,0,0,0,0,0,0,0,0,0,0,0,0,0,0,0,0,0,0,0,0,0,0,0,0,0,0,0,0,0,0,0,0,463.412948608398,0,0,0,0,0,0,0,0,0,0,0,0,0,0,0,304.822005680629,430.66912428538,158.333372805299,0,0,0,0,399.862001691546,372.307252407074,0,591.994934082031,550.614349365234,0,0,0,0,489.037201274525,581.401341756185,0,259.147109349569,0,0,0,172.027488708496,0,0,0,0,0,0,0,0,0,0,107.730352331091,193.43648319978,393.912014431424,172.733627319336,197.449256896973,109.602717231302,0,137.707766440255,0,0,188.754281616211,0,0,0,509.266489664714,0,0,0,0,0,0,603.716949462891,0,0,0,436.487701416016,0,0,0,0,0,0,0,0,0,0,0,0,0,0,0,0,0,0,0,0,0,0,0,0,0,0,0,0,0,0,0,0,0,0,0,0,0,0,0,0,0,0,0,0,0,0,0,0,0,0,0,0,0,0,0,0,0,0,0,0,0,0,0,0,0,0,0,0,0,0,0,0,0,0,0,0,0,0,0,0,0,0,0,0,0,0,0,0,0,0,0,0,0,0,0,0,0,0,0,0,0,0,0,0,0,0,0,0,0,0,0,0,0,0,0,0,0,0,0,0,0,0,793.978515625,0,0,0,0,0,0,0,0,0,0,0,0,0,0,0,0,0,0,0,0,0,0,0,0,0,0,0,0,0,0,0,0,0,0,0,0,0,0,0,0,0,0,0,0,0,0,0,0,0,0,0,0,0,0,0,0,0,0,0,0,0,0,733.857688903809,406.440872192383,0,0,0,0,0
149.675372903758,110.240197075738,259.767045593262,122.854341828305,112.413118735312,0,119.710467520214,0,0,0,0,0,145.800436196207,1519.66394042969,513.443603515625,195.161499023438,158.77532523019,252.610795293536,180.848097941081,105.625932503745,83.8038350618803,95.7961047036307,196.658935546875,0,0,0,0,0,0,0,516.944766574436,0,0,0,0,0,0,0,0,0,0,0,0,0,0,0,0,0,0,0,0,0,0,0,0,0,0,0,0,0,0,0,0,0,0,0,0,0,0,0,0,0,0,0,0,0,0,0,0,0,0,0,0,0,0,0,0,0,0,0,0,0,0,0,0,0,0,0,0,0,0,0,546.521879342886,0,0,0,0,0,0,862.590070452009,0,0,0,0,0,0,0,0,412.319763183594,512.59332051595,221.822987692697,494.812973022461,0,0,0,0,338.322497369778,0,575.921188354492,575.334883134444,0,0,414.314544677734,622.561553955078,558.289714362945,382.896760277126,0,220.262224091424,0,0,121.549417768206,402.293817996979,106.01545715332,0,0,132.441361236572,0,0,0,0,0,224.86190032959,148.189317703247,176.092574919684,461.590654621954,94.1267459392548,144.721263170242,118.494107839699,136.095352172852,253.877236192491,430.295471191406,0,174.759900120964,0,0,0,618.290931252872,0,0,0,0,0,0,468.003540039062,0,586.754122924805,537.630432128906,534.131534950406,0,0,0,0,0,0,0,0,0,0,0,0,0,0,0,0,0,0,0,0,0,0,0,0,0,0,0,0,0,0,0,0,0,0,0,0,0,0,0,0,0,0,0,0,0,0,0,0,0,0,0,0,0,0,0,0,0,0,0,0,0,0,0,0,0,0,0,0,0,0,0,0,0,0,0,0,0,0,0,0,0,0,0,0,0,0,0,0,0,0,0,0,0,0,0,0,0,0,0,0,0,0,0,0,0,0,0,0,0,0,0,0,0,0,0,0,0,0,0,0,0,957.765625,0,0,0,0,0,0,0,0,0,0,0,0,0,0,0,0,0,0,0,0,0,0,0,0,0,0,0,0,0,0,0,0,0,0,0,0,0,0,0,0,0,0,0,0,0,0,0,0,0,0,0,0,0,0,0,0,0,0,0,0,0,0,497.378753662109,608.085754394531,494.634492037589,0,0,0,0,0
155.098600506783,177.031864929199,243.756207784017,110.131272452218,112.303638458252,119.710467520214,0,0,0,0,0,0,214.088158743722,0,0,251.57893371582,238.72150293986,132.596071243286,202.119138081868,122.318416248668,93.1700382232666,70.7267183576311,218.266021728516,0,0,0,0,0,0,0,0,0,0,0,0,0,0,0,0,0,0,0,0,0,0,0,0,0,0,0,0,0,0,0,0,0,0,0,0,0,0,0,0,0,0,0,0,0,0,0,0,0,0,0,0,0,0,0,0,0,0,0,0,0,0,0,0,0,0,0,0,0,0,0,0,0,0,0,0,0,0,0,0,0,0,0,0,0,0,0,0,0,0,0,0,0,0,0,0,457.945184326172,489.684875488281,0,0,0,0,0,213.630575681988,0,361.335357666016,179.252777099609,0,0,0,0,526.875915527344,258.259089878627,0,140.767816066742,0,0,171.97248840332,276.437512715658,226.119720458984,0,0,175.737731933594,0,0,0,0,0,0,0,122.943989647759,510.764526367188,87.9693984985352,128.960803638805,142.311023048733,148.194445610046,138.428314971924,0,0,124.086613709586,0,0,0,0,0,0,0,0,0,0,0,0,0,0,0,0,0,0,0,0,0,0,0,0,0,0,0,0,0,0,0,0,0,0,0,0,0,0,0,0,0,0,0,0,0,0,0,0,0,0,0,0,0,0,0,0,0,0,0,0,0,0,0,0,0,0,0,0,0,0,0,0,0,0,0,0,0,0,0,0,0,0,0,0,0,0,0,0,0,0,0,0,0,0,0,0,0,0,0,0,0,0,0,0,0,0,0,0,0,0,0,0,0,0,0,0,0,0,0,0,0,0,0,0,0,0,0,0,0,0,0,0,0,0,0,0,0,0,0,0,0,0,0,0,0,0,0,0,0,0,0,0,0,0,0,0,0,0,0,0,0,0,0,0,0,0,0,0,0,0,0,0,0,0,0,0,0,0,0,0,0,0,0,0,0,0,0,0,0,0,0,0,0,0,0,0,0,0,0,0,0,366.973449707031,0,0,0,0,0
0,0,0,0,0,0,0,0,181.687335885922,149.562669987149,155.594183038782,120.232990688748,0,232.29860824585,0,0,0,0,0,0,0,0,0,0,260.652130126953,0,0,0,0,0,0,0,0,0,0,126.838275206716,169.399345936868,209.964002778259,177.519602094378,141.652571344572,138.578742218018,155.561855316162,171.209150950114,160.610961914062,219.234924316406,0,205.668605804443,280.381852583452,0,318.917999267578,160.302042495373,204.304091280316,148.466611352244,81.7686080932617,110.175196314967,64.2145347595215,0,0,0,0,0,0,0,0,0,0,171.206928253174,344.925079345703,0,0,0,0,181.305062070806,0,0,0,0,91.5457147451548,212.82905908533,143.78865088186,0,0,0,0,0,0,0,0,0,0,0,0,0,0,335.327771417026,158.897702008038,213.195262781779,0,79.9624265034993,100.235778808594,177.963581297133,175.634064674377,0,316.123443603516,232.564659812234,0,0,267.833480834961,0,0,0,0,0,289.664723714193,162.967879704067,187.46444439888,242.210411036993,0,0,0,0,0,0,0,0,0,0,0,0,0,0,0,0,0,0,747.090576171875,0,0,376.955139160156,0,0,0,0,327.473164149693,0,0,92.5135879516602,190.173769378662,235.7174748012,347.313858032227,0,0,0,0,0,0,0,0,0,0,0,0,0,0,0,0,0,232.077280680339,0,0,0,0,0,0,0,0,0,0,0,0,0,0,0,0,0,0,0,0,0,0,0,0,0,540.369079589844,0,0,0,0,0,0,0,0,0,0,0,0,0,0,0,0,0,0,0,0,0,0,0,589.879821777344,0,0,0,0,0,0,0,0,0,0,0,0,0,0,580.531677246094,0,0,0,0,0,0,0,0,0,0,0,0,0,0,0,0,0,0,0,0,0,0,0,0,0,0,0,0,0,0,0,0,0,0,0,0,0,0,0,0,0,0,441.401184082031,0,0,0,0,0,0,0,0,0,0,0,0,0,0,0,0,0,0,0,0,0,0,0,0,0,0,0,0,0,0,0,0,0,0,0,0,0,0,0,0,0,0,0,0,0,0,0,0,0,0,0,0,0,0,0,0,0,0,0,0,0,0,0,0,0,0,0,0,0,0,0,0,0,0,0,0,0,0,0,0,0,0,0,0,480.223470052083,312.549438476562,341.972956339518,336.228658603716,254.348045796031,1123.0361328125,0,646.39990234375,0,548.592674255371
0,289.123779296875,0,0,0,0,0,181.687335885922,0,217.759330113729,199.456670125326,225.56547164917,0,422.725547790527,0,0,0,0,0,0,0,0,0,0,0,0,0,0,0,0,0,0,0,0,0,89.0727096557617,143.795160888344,192.488729858398,84.6633740743001,191.690757751465,0,212.024756113688,39.3897399902344,0,0,0,211.986585828993,262.664498329163,0,0,82.1883183168561,154.595226078243,150.459532089842,178.169084821429,156.569583529518,146.839981079102,0,0,0,0,0,0,0,0,0,0,0,0,0,0,0,0,368.972763061523,356.399627685547,0,0,0,166.058547420778,0,209.402230072021,0,0,0,0,0,0,0,0,0,0,0,0,0,0,252.142541738657,211.963396533843,300.903167724609,0,99.0257019042969,124.790181699006,79.3308944702148,161.846643175398,0,325.839680989583,187.616423288981,0,0,0,0,0,0,0,0,388.315724690755,166.122993469238,133.882410706067,197.515263167534,0,0,0,0,0,0,0,0,0,0,0,421.072875976562,0,0,0,0,0,0,0,0,0,359.225321451823,0,0,0,0,250.569563635464,288.925689697266,0,83.4478826522827,237.771457672119,228.596880594889,266.612325668335,0,0,0,0,0,0,0,0,0,0,0,0,0,0,0,0,0,262.672180175781,0,0,0,0,0,0,0,0,0,0,0,0,0,0,0,0,0,0,0,0,0,0,0,0,0,443.441192626953,0,0,0,0,0,0,0,0,0,0,0,0,0,0,0,0,0,0,0,0,0,0,0,0,0,0,0,0,0,0,0,0,0,0,0,0,0,0,0,0,0,0,0,0,0,0,0,0,0,0,0,0,0,0,0,0,0,0,0,0,0,0,0,0,0,0,0,0,0,0,0,0,0,0,0,0,0,0,0,0,0,0,0,0,0,0,0,0,0,0,0,0,0,0,0,0,0,0,0,0,0,0,0,0,0,0,0,0,0,0,0,0,0,0,0,0,0,0,0,0,0,0,0,0,0,0,0,0,0,0,0,0,0,0,0,0,0,0,0,0,0,0,0,0,0,0,0,0,0,0,0,0,0,0,0,0,0,0,0,0,0,0,0,0,0,0,377.670684814453,471.906295776367,342.158133370536,388.479621511991,332.367939821879,0,0,0,0,735.855895996094
0,0,0,0,0,0,0,149.562669987149,217.759330113729,0,96.782383782523,91.8543508825168,0,0,0,0,0,0,0,0,0,0,480.283142089844,0,0,0,0,0,0,0,0,0,0,0,0,0,0,0,0,0,0,0,217.544437953404,0,0,0,329.603820800781,360.869689941406,0,0,205.371664365133,234.765325393677,189.523008240829,118.495934104919,241.862055460612,48.3414745330811,0,0,0,0,0,0,0,0,0,0,108.499391828265,216.520427703857,0,0,0,0,140.941408860056,0,0,0,0,0,181.448446610395,145.885112489973,224.220230102539,0,0,0,0,0,0,0,0,0,0,0,0,0,289.192235310872,167.253114632198,170.169820723995,0,0,0,0,0,0,0,0,0,0,228.128265380859,0,0,0,0,0,56.4687423706055,58.6310958862305,0,254.157939147949,0,0,0,0,0,0,0,0,0,0,0,0,0,0,0,0,0,0,0,0,0,0,0,0,0,0,409.006378173828,0,0,0,0,210.52864074707,0,0,0,0,0,0,0,0,0,0,0,0,0,0,0,0,0,0,167.106624603271,0,0,0,0,0,0,0,0,0,0,0,0,0,0,0,0,0,0,0,0,0,0,0,0,0,0,0,0,0,0,0,0,0,0,0,0,0,0,0,0,0,0,0,0,0,0,0,0,0,0,0,0,0,0,0,0,0,0,0,0,0,0,0,0,0,0,0,0,0,0,0,0,0,0,0,0,0,0,0,0,0,0,0,0,0,0,0,0,0,0,0,0,0,0,0,0,0,0,0,0,0,0,0,0,0,0,0,0,0,0,0,0,0,0,0,0,0,0,0,0,0,0,0,0,0,0,0,0,0,0,0,0,0,0,0,0,0,0,0,0,0,0,0,0,0,0,0,0,0,0,0,0,0,0,0,0,0,0,0,0,0,0,0,0,0,0,0,0,0,0,0,0,0,0,0,0,0,0,0,0,0,0,0,0,0,0,0,0,0,0,0,0,0,364.252700805664,243.73030090332,307.512832641602,178.458529281616,0,0,0,0,0
0,0,0,0,0,0,0,155.594183038782,199.456670125326,96.782383782523,0,89.1582468472994,0,0,0,0,0,0,0,0,0,0,0,0,0,0,0,0,0,0,0,0,0,0,0,0,0,0,0,0,144.995941162109,0,292.41015625,0,0,0,0,312.884033203125,0,0,174.173529052734,224.748826599121,187.730752392819,186.502661132813,0,60.898873647054,0,0,0,0,0,0,0,0,0,0,99.5980555216471,134.905235290527,0,0,0,0,137.045069075122,0,0,0,0,112.170593261719,157.588709640503,97.9470330733287,182.470146179199,0,0,0,0,0,0,0,0,0,0,0,0,0,277.184509277344,200.509656700721,174.470809088813,0,0,0,0,0,0,0,0,0,0,0,0,0,0,0,0,277.209014892578,0,206.430709838867,243.824904595652,0,0,0,0,0,0,0,0,0,0,0,0,0,0,0,0,0,0,0,0,0,0,0,0,0,0,0,0,0,0,0,256.302008056641,494.819641113281,0,0,0,0,0,0,0,0,0,0,0,0,0,0,0,0,0,0,0,0,0,0,0,0,0,0,0,0,0,0,0,0,0,0,0,0,0,0,0,0,0,0,0,0,0,0,0,0,0,0,0,0,0,0,0,0,0,0,0,0,0,0,0,0,0,0,0,0,0,0,0,0,0,0,0,0,0,0,0,0,0,0,0,0,0,0,0,0,0,0,0,0,0,0,0,0,0,0,0,0,0,0,0,0,0,0,0,0,0,0,0,0,0,0,0,0,0,0,0,0,0,0,0,0,0,0,0,0,0,0,0,0,0,0,0,0,0,0,0,0,0,0,0,0,0,0,0,0,0,0,0,0,0,0,0,0,0,0,0,0,0,0,0,0,0,0,0,0,0,0,0,0,0,0,0,0,0,0,0,0,0,0,0,0,0,0,0,0,0,0,0,0,0,0,0,0,0,0,0,0,0,0,0,0,0,0,0,0,0,0,460.407379150391,0,0,0,125.137998580933,0,0,0,0,0
0,0,0,0,0,0,0,120.232990688748,225.56547164917,91.8543508825168,89.1582468472994,0,0,0,0,0,0,0,0,0,0,0,0,0,0,0,0,0,0,0,0,0,0,0,0,0,0,0,0,0,0,0,0,0,0,0,0,0,0,0,0,128.43977355957,153.537970938334,124.175453186035,0,0,0,0,0,0,0,0,0,0,0,0,128.454338767312,177.753593444824,0,0,0,0,107.377759778822,0,0,0,0,0,132.177433013916,91.433984041214,163.888076782227,0,0,0,0,0,0,0,0,0,0,0,0,0,230.936111450195,156.830150637419,92.8917102813721,0,0,0,0,0,0,0,0,0,0,0,0,0,0,0,0,192.460693359375,119.939025878906,0,202.338943481445,0,0,0,0,0,0,0,0,0,0,0,0,0,0,0,0,0,0,0,0,0,609.852355957031,0,0,0,0,0,0,0,0,0,0,0,0,0,0,0,0,0,0,0,0,0,0,0,0,0,0,0,0,0,0,0,0,0,0,0,0,0,0,0,0,0,0,0,0,0,0,0,0,0,0,0,0,0,0,0,0,0,0,0,0,0,0,0,0,0,0,0,0,0,0,0,0,0,0,0,0,0,0,0,0,0,0,0,0,0,0,0,0,0,0,0,0,0,0,0,0,0,0,0,0,0,0,0,0,0,0,0,0,0,0,0,0,0,0,0,0,0,0,0,0,0,0,0,0,0,0,0,0,0,0,0,0,0,0,0,0,0,0,0,0,0,0,0,0,0,0,0,0,0,0,0,0,0,0,0,0,0,0,0,0,0,0,0,0,0,0,0,0,0,0,0,0,0,0,0,0,0,0,0,0,0,0,0,0,0,0,0,0,0,0,0,0,0,0,0,0,0,0,0,0,0,0,0,0,0,0,0,0,0,0,0,0,0,0,0,0,0,0,0,0,0,732.27880859375,0,0,131.370452880859,153.195185343424,0,0,0,0,0
139.739824134034,196.886177062988,97.9437226005222,124.782779444819,101.473544836044,145.800436196207,214.088158743722,0,0,0,0,0,0,0,261.191345214844,79.2921390533447,136.926333236694,259.039154052734,133.914413515201,165.734167459849,150.73285484314,149.06071472168,0,0,0,0,0,0,0,0,319.257833862305,0,0,0,0,0,0,0,0,0,0,0,0,0,0,0,0,0,0,0,0,0,0,0,0,0,0,0,0,0,0,0,0,0,0,0,0,0,0,0,0,0,0,0,0,0,0,0,0,0,0,0,0,0,0,0,0,0,0,0,0,0,0,0,0,0,0,0,0,0,0,0,452.664672851562,0,0,0,0,0,0,0,0,0,0,0,0,0,0,0,0,0,234.305870387865,0,0,0,0,0,0,0,739.907348632812,0,0,0,0,0,622.572180175781,308.923797607422,0,202.71780090332,0,0,0,211.743723465224,176.094088236491,0,0,141.574818929036,0,0,0,0,0,75.8193664550781,0,359.105182647705,0,213.50855255127,216.563407897949,140.765438853831,225.980523681641,0,0,0,0,0,0,0,0,0,0,0,0,0,0,0,0,0,0,509.197998046875,0,0,651.00244140625,0,0,649.159362792969,0,0,0,0,0,0,0,0,0,0,0,0,0,0,0,0,0,0,0,0,0,0,0,0,0,0,580.069641113281,0,0,0,0,0,0,0,0,0,0,0,0,0,0,0,0,0,0,0,0,0,0,0,0,0,0,0,0,0,0,0,0,0,0,0,0,0,0,0,0,0,0,0,0,0,0,0,0,0,0,0,0,0,0,0,0,0,0,0,0,0,0,0,0,0,0,0,0,0,0,0,0,0,0,0,0,0,0,0,0,0,0,0,0,0,0,0,0,0,797.714965820312,0,0,0,0,0,0,0,0,0,0,0,0,0,0,0,0,0,0,0,0,621.100158691406,0,0,0,0,0,0,0,0,0,0,0,0,0,0,0,0,0,0,0,0,0,0,0,0,0,0,0,0,0,0,0,0,0,0,0,0,0,0,0,0,450.920745849609,565.422790527344,373.474258422852,0,0,0,0,0
383.848611121084,0,394.227924346924,331.549806917631,374.205993652344,1519.66394042969,0,232.29860824585,422.725547790527,0,0,0,0,0,201.052483614029,0,287.586345248752,0,531.641967773438,286.422210693359,0,0,0,0,0,239.360130310059,228.699099989498,0,216.781430757963,201.934062004089,154.057344735707,189.547613143921,133.10038804586,181.941133428503,257.367164118639,243.733978271484,233.211704145932,223.705510784881,280.830410003662,178.831767694737,225.321333380306,167.2433497111,202.660013198853,0,195.682984125047,0,0,0,0,235.02460748178,0,360.155604044596,256.608350854171,0,185.525083786402,0,288.748837365044,390.976566040353,412.053805981042,434.809952868162,715.542388916016,570.829871114095,679.886949018999,983.92578125,0,0,0,304.379928588867,0,1026.26428222656,979.901794433594,982.113952636719,0,0,0,0,0,0,0,0,0,0,0,0,0,539.370534261068,823.342712402344,0,0,0,0,0,0,0,404.934057617187,193.326449307528,111.00736618042,0,0,0,0,0,185.182133992513,377.825367267315,0,0,0,0,0,0,0,0,0,0,0,0,0,0,212.134132643004,377.717051029205,190.670650668261,420.636322021484,0,1066.39904785156,0,241.307231761791,0,0,604.640452067057,0,0,0,667.723937988281,0,1143.40087890625,1054.03149414062,0,0,770.448913574219,0,0,249.274508942498,0,0,0,159.670028686523,0,0,0,0,0,0,146.625305175781,0,0,0,517.788665771484,0,319.051696777344,442.713806152344,217.592406681606,230.735229492188,0,543.443664550781,739.701110839844,0,1135.57177734375,0,0,0,0,0,683.946207682292,582.296677809495,0,0,854.603698730469,0,547.030031644381,552.722224849681,722.324716279001,0,552.490417480469,705.123965793186,0,0,0,418.031097412109,686.1005859375,0,455.030548095703,0,0,292.56054839671,430.456309000651,0,504.798348320855,0,458.983754475911,0,0,0,0,707.910888671875,0,408.881500244141,0,0,0,0,440.486876079014,80.0951538085938,209.756469726562,0,427.075390815735,0,486.926435536352,490.641991615295,589.892211914062,433.174849076705,458.952705383301,0,0,0,675.484954833984,0,0,430.282908121745,0,652.560913085938,0,541.759803771973,500.754056803385,0,739.661468505859,0,0,537.381060600281,0,605.97135925293,0,0,0,0,0,0,0,0,0,0,0,0,0,0,0,0,0,0,0,367.065338134766,0,0,0,0,0,0,0,0,0,0,0,0,0,0,453.232990264893,419.699545743173,0,0,0,0,0,0,844.199920654297,665.433233049181,0,0,0,0,0,0,0,0,0,0,0,0,0,0,378.49658203125,795.795919799805,612.529186048006,0,0,0,0,0,0,0,861.488006591797,0,0,0,0,0,0,0,0,0,923.400512695312,0,725.833190917969,659.252534132737,0,0,0,0,0,0,0,0,0,0,0,0,0,0,0,0,0,0,464.924974140368,0,0,0,0,0,0,0,0,0,0,0,730.13096110026,774.297790527344,0,0,1186.56372070312,1443.85131835938,0,786.592163085938,1120.66473388672,0,1039.64673614502,466.169772808368,302.161405046781,1111.62411934989,626.81103515625,950.124299701891,466.66041631284,538.270514294109
351.559112548828,406.657470703125,178.781069225735,273.725486755371,0,513.443603515625,0,0,0,0,0,0,261.191345214844,201.052483614029,0,204.203633626302,146.976663809556,0,200.199376678467,0,0,199.570053100586,304.205101013184,0,0,0,142.045570373535,0,77.986636025565,91.1382744709651,154.579394905155,0,149.248199555932,42.8695678710938,115.49040927887,0,0,0,0,0,0,0,0,0,0,86.5863213972612,0,0,0,120.139307334206,0,0,0,0,0,0,0,483.278564453125,0,0,0,0,0,0,0,0,0,0,0,0,0,0,0,0,0,0,0,0,0,0,0,0,0,0,0,0,0,0,0,0,0,0,0,0,0,0,0,0,0,0,0,0,404.629021538628,378.326589584351,0,0,0,0,0,0,0,0,0,0,0,0,0,0,283.391208995472,401.321754455566,292.025733947754,0,0,0,0,424.642303466797,0,0,430.191020965576,393.543167114258,0,0,0,0,857.988159179688,0,0,330.363708496094,0,0,228.621231868349,124.074126441524,200.206508091518,0,205.067689028653,203.104798712381,0,0,0,276.354974365234,191.293235085227,74.9475927352905,0,310.004425048828,0,0,247.211990356445,0,219.058869934082,0,102.811680052016,0,0,0,0,0,0,0,0,0,0,0,386.229278564453,396.798988596598,0,618.930358886719,0,0,0,0,478.940048217773,0,0,0,0,0,0,0,0,0,0,0,0,357.589477539062,0,0,505.918975830078,0,0,0,0,0,0,0,0,0,0,0,0,0,0,0,0,0,0,0,0,0,0,0,0,0,0,0,0,0,0,0,0,0,0,0,0,0,0,0,0,0,0,0,0,0,0,0,0,0,0,0,0,0,0,0,0,0,0,0,0,0,0,0,0,0,0,0,0,0,0,0,0,0,0,0,0,0,0,0,0,0,0,0,0,0,0,0,0,0,0,0,0,0,0,0,0,0,0,0,0,0,0,0,0,0,0,0,0,0,0,0,0,0,0,0,0,0,0,0,0,0,0,0,0,0,0,0,0,0,0,0,0,0,0,0,0,0,0,0,0,0,0,0,0,0,0,0,0,0,0,0,0,0,0,0,0,0,0,0,0,0,0,0,0,0,378.437627156576,390.097997565018,385.544393327501,0,0,0,0,0
153.247741699219,127.594253540039,91.4880174909319,0,47.7682418823242,195.161499023438,251.57893371582,0,0,0,0,0,79.2921390533447,0,204.203633626302,0,114.496065078243,0,119.806616864886,124.49068959554,0,259.107757568359,388.530059814453,0,0,0,0,0,0,0,0,0,0,0,0,0,0,0,0,0,0,0,0,0,0,0,0,0,0,108.764972686768,0,0,0,0,0,0,0,0,0,0,0,0,0,0,0,0,0,0,0,0,0,0,0,0,0,0,0,0,0,0,0,0,0,0,0,0,0,0,0,0,0,0,0,0,0,0,0,0,0,0,0,0,0,0,0,0,0,0,0,0,0,0,0,0,0,0,0,0,0,0,0,0,0,0,0,0,0,0,0,0,0,0,0,0,0,364.631103515625,0,0,0,0,186.93780263265,131.177314334446,182.39564666748,0,0,158.125624084473,0,0,0,0,0,62.2885653177897,0,0,0,126.562965393066,0,143.24542588454,156.77634538923,0,0,0,0,0,0,0,0,0,0,0,0,0,0,0,0,0,0,473.919006347656,0,0,0,0,0,0,0,0,0,0,0,0,0,0,0,0,0,0,0,0,0,0,0,0,0,0,0,0,0,0,0,0,0,0,0,0,0,0,0,0,0,0,0,0,0,0,0,0,0,0,0,0,0,0,0,0,0,0,0,0,0,0,0,0,0,0,0,0,0,0,0,0,0,0,0,0,0,0,0,0,0,0,0,0,0,0,0,0,0,0,0,0,0,0,0,0,0,0,0,0,0,0,0,0,0,0,0,0,0,0,0,0,0,0,0,0,0,0,0,0,0,0,0,0,0,0,0,0,0,0,0,0,0,0,0,0,0,0,0,0,0,0,0,0,0,0,0,0,0,0,0,0,0,0,0,0,0,0,0,0,0,0,0,0,0,0,0,0,0,0,0,0,0,0,0,0,0,0,0,0,0,0,0,0,0,0,898.629577636719,0,0,0,0,0
226.178125063578,146.048286437988,124.898129326957,301.478440761566,0,158.77532523019,238.72150293986,0,0,0,0,0,136.926333236694,287.586345248752,146.976663809556,114.496065078243,0,699.272918701172,129.657691826255,159.615493774414,0,190.042373657227,123.283032735189,38.9595413208008,0,0,192.203491210938,0,116.246046066284,90.5513610839844,179.120428172025,0,217.355239868164,0,111.298118591309,0,0,0,0,0,0,172.634765625,0,0,0,86.8203167915344,0,0,0,137.828013038635,0,0,0,0,0,0,0,0,0,0,0,0,0,0,0,0,0,0,0,0,0,0,0,0,0,0,0,0,0,0,0,0,0,0,0,0,0,0,0,0,0,0,0,0,172.280668640137,0,0,0,0,0,0,0,360.693311055501,329.351348876953,0,0,0,0,0,0,0,0,0,0,0,0,0,0,337.719879150391,485.541625976562,315.833221435547,0,0,0,0,0,431.275245666504,0,375.105586658825,374.190185546875,0,0,522.074768066406,388.860870361328,628.823776245117,556.159037272135,0,286.469778060913,567.520324707031,0,170.972403547499,126.97047919035,123.797147067088,0,144.412599563599,144.948747607509,0,0,0,255.596649169922,131.200398958646,82.6065971374512,0,373.661781311035,0,145.224250793457,217.549436950684,141.929711659749,179.085329691569,263.740051269531,190.030037562052,0,229.626022338867,0,0,0,0,0,0,0,0,0,412.196014404297,492.795216221963,0,393.080749511719,915.556274414062,0,0,0,0,0,0,0,0,0,0,0,0,0,0,0,0,254.787590026855,0,0,0,0,0,0,0,0,0,0,0,0,0,0,0,0,0,0,0,0,0,0,0,0,0,0,0,0,0,0,0,0,0,0,0,0,0,0,0,0,0,0,0,0,0,0,0,0,0,0,0,0,0,0,0,0,0,0,0,0,0,0,0,0,0,0,0,0,0,0,0,0,0,0,0,0,0,0,0,0,0,0,0,0,0,0,0,0,0,0,0,0,0,0,0,0,0,0,0,0,0,0,0,0,0,0,0,0,0,0,0,0,0,0,0,0,0,0,0,0,0,0,0,0,0,0,0,642.530883789062,0,0,0,0,0,0,0,0,0,0,0,0,0,0,0,0,0,0,0,0,0,0,0,0,0,0,0,0,0,0,0,0,0,0,0,0,0,0,0,0,515.867365910457,357.949825286865,378.847331153022,0,0,0,0,0
374.829656747671,124.470154444377,0,0,236.523136683873,252.610795293536,132.596071243286,0,0,0,0,0,259.039154052734,0,0,0,699.272918701172,0,291.538533528646,156.681999206543,0,140.109512329102,320.44234975179,0,0,0,0,0,0,0,0,0,0,0,0,0,0,0,0,0,0,0,0,0,0,0,0,0,0,479.662811279297,0,0,0,0,0,0,0,0,0,0,0,0,0,0,0,0,0,0,0,0,0,0,0,0,0,0,0,0,0,0,0,0,0,0,0,0,0,0,0,0,0,0,0,0,0,0,0,0,0,0,0,0,961.699523925781,0,0,0,0,0,0,340.4033203125,0,0,0,0,0,0,0,0,0,282.619176764237,368.101020812988,264.431500434875,0,0,0,0,140.852981830465,0,395.171936035156,0,0,0,56.3390579223633,0,225.71157458413,129.209492625022,104.394439697266,167.896079338921,0,0,342.429864501953,0,85.2497863769531,0,0,38.1938247680664,0,0,0,0,0,0,0,175.093469023705,88.6844100952148,0,255.373976314769,78.0043792724609,184.548864364624,251.390688214983,0,0,129.441189262811,0,0,0,296.745307922363,1248.00122070312,0,0,0,0,0,0,0,0,0,227.919097900391,0,0,0,0,0,0,0,1068.32470703125,0,0,0,0,0,0,0,0,0,0,0,0,0,0,0,0,0,0,0,0,0,0,0,0,0,0,0,0,0,0,0,0,0,0,0,0,0,0,0,0,0,0,0,0,0,0,0,0,0,0,0,0,0,0,0,0,0,0,0,0,0,0,0,0,0,0,0,0,0,0,0,0,0,0,0,0,0,0,0,0,0,0,0,0,0,0,0,0,0,0,0,0,0,0,0,0,0,0,0,0,0,0,0,0,0,0,0,0,0,0,0,0,0,1192.71887207031,0,0,0,0,0,0,0,0,0,0,0,0,0,0,0,0,0,0,0,0,0,0,0,0,0,0,0,0,0,0,0,0,0,0,0,0,0,0,0,1100.41821289062,0,0,0,0,0,0,0,0,0,0,0,0,0,0,0,0,0,0,0,0,895.873474121094,0,390.680297851562,0,0,0,0,0,0,0
151.018449012269,135.282889407614,134.425725614108,136.809897860965,136.604380880083,180.848097941081,202.119138081868,0,0,0,0,0,133.914413515201,531.641967773438,200.199376678467,119.806616864886,129.657691826255,291.538533528646,0,123.302824020386,129.735814181241,153.568916320801,127.60912322998,0,0,0,0,0,0,0,266.740421398266,0,0,0,0,0,0,0,0,0,0,0,0,0,0,119.974945068359,0,0,0,257.022471501277,0,0,0,0,0,0,0,0,0,0,0,0,0,0,0,0,0,0,0,0,0,0,0,0,0,0,0,0,0,0,0,0,0,0,0,0,0,0,0,0,0,0,0,0,278.878092447917,0,0,0,0,0,0,0,452.186702381481,360.743148803711,0,0,0,0,0,0,0,0,0,0,0,0,785.687774658203,0,0,523.169246128627,236.504516964867,0,0,0,0,0,634.180424372355,651.581604003906,493.927061080933,520.713251749674,0,0,0,834.190368652344,481.911370413644,444.902931545092,0,243.826398625093,0,0,91.3111928304036,203.630999896543,95.1754746437073,0,0,98.8714557994496,0,0,0,259.189979553223,58.2264213562012,108.05571101262,0,304.708183441162,703.322540283203,113.901094610041,154.032221138477,137.10627254363,100.261249360584,409.247680664062,575.889526367188,0,400.417547498431,0,0,0,0,0,0,0,0,0,0,499.70942179362,0,519.426188151042,0,511.57234954834,0,0,0,0,0,0,0,0,0,0,0,0,0,0,0,0,0,0,0,0,0,0,0,0,0,0,0,0,0,0,0,0,0,0,0,0,0,0,0,0,0,0,0,0,0,0,0,0,0,0,0,0,0,0,0,0,0,0,0,0,0,0,0,0,0,0,0,0,0,0,0,0,0,0,0,0,0,0,0,0,0,0,0,0,0,0,0,0,0,0,0,0,0,0,0,0,0,0,0,0,0,0,0,0,0,0,0,0,0,0,0,0,0,0,0,0,0,0,0,0,0,0,0,0,0,0,0,0,0,0,0,0,0,0,0,0,0,0,0,0,0,0,0,388.277282714844,0,0,0,0,0,0,0,0,0,0,0,0,0,0,0,0,0,0,0,0,0,0,0,0,0,0,0,0,0,0,0,0,0,0,0,0,0,0,0,0,440.512542724609,378.449417750041,403.139295196533,0,0,0,0,0
148.333660380046,84.1192156473796,221.726768493652,139.448569297791,123.5892533695,105.625932503745,122.318416248668,0,0,0,0,0,165.734167459849,286.422210693359,0,124.49068959554,159.615493774414,156.681999206543,123.302824020386,0,67.0738456726074,109.246349334717,78.5801849365234,0,0,0,0,0,0,0,0,0,0,0,0,0,0,0,0,0,0,0,0,0,0,0,0,0,0,0,0,0,0,0,0,0,0,0,0,0,0,0,0,0,0,0,0,0,0,0,0,0,0,0,0,0,0,0,0,0,0,0,0,0,0,0,0,0,0,0,0,0,0,0,0,0,0,0,0,0,0,0,392.890060424805,0,0,0,0,0,0,0,0,0,0,0,0,0,0,0,0,0,152.917308807373,0,0,0,0,0,268.183410644531,0,0,307.868453979492,0,0,0,0,0,0,0,187.318124389648,0,0,116.0166015625,180.327152252197,71.6901657104492,0,0,111.66438293457,0,0,0,0,0,115.882934570312,0,228.890024185181,0,96.6805801391602,175.373957824707,90.9742734615619,66.4984703063965,208.471598307292,0,0,0,0,0,0,0,0,0,0,0,0,0,0,0,0,0,0,0,0,0,0,0,0,0,0,0,0,0,0,0,0,0,0,0,0,0,0,0,0,0,0,0,0,0,0,0,0,0,0,0,0,0,0,0,0,0,0,0,0,0,0,0,0,0,0,0,0,0,0,0,0,0,0,0,0,0,0,0,0,0,0,0,0,0,0,0,0,0,0,0,0,0,0,0,0,0,0,0,0,0,0,0,0,0,0,0,0,0,0,0,0,0,0,0,0,0,0,0,0,0,0,0,0,0,0,0,0,0,0,0,0,0,0,0,0,0,0,0,0,0,0,0,0,0,0,0,0,0,0,0,0,0,0,0,0,0,0,0,0,0,0,0,0,0,0,0,0,0,0,0,0,0,0,0,0,0,0,0,0,0,0,0,0,0,0,0,0,0,0,0,0,0,0,0,0,0,0,0,0,0,0,0,0,348.716827392578,0,0,0,0,0
127.940126800537,67.6325531005859,116.777221679688,85.3980979919434,128.472636413574,83.8038350618803,93.1700382232666,0,0,0,0,0,150.73285484314,0,0,0,0,0,129.735814181241,67.0738456726074,0,0,0,0,0,0,0,0,0,0,0,0,0,0,0,0,0,0,0,0,0,0,0,0,0,0,0,0,0,0,0,0,0,0,0,0,0,0,0,0,0,0,0,0,0,0,0,0,0,0,0,0,0,0,0,0,0,0,0,0,0,0,0,0,0,0,0,0,0,0,0,0,0,0,0,0,0,0,0,0,0,391.700897216797,0,0,0,0,0,0,0,0,0,0,0,0,0,0,0,0,0,0,192.749256134033,0,0,0,0,0,114.398231506348,0,0,0,0,0,0,0,0,121.688865661621,0,134.280644734701,0,0,131.847595214844,0,0,0,0,0,0,0,0,0,0,0,0,154.945838928223,0,0,76.2692031860352,86.853414075128,0,0,0,0,97.4147644042969,0,0,0,0,0,0,0,0,0,0,0,0,0,0,0,0,0,0,0,0,0,0,0,0,0,0,0,0,0,0,0,0,0,0,0,0,0,0,0,0,0,0,0,0,0,0,0,0,0,0,0,0,0,0,0,0,0,0,0,0,0,0,0,0,0,0,0,0,0,0,0,0,0,0,0,0,0,0,0,0,0,0,0,0,0,0,0,0,0,0,0,0,0,0,0,0,0,0,0,0,0,0,0,0,0,0,0,0,0,0,0,0,0,0,0,0,0,0,0,0,0,0,0,0,0,0,0,0,0,0,0,0,0,0,0,0,0,0,0,0,0,0,0,0,0,0,0,0,0,0,0,0,0,0,0,0,0,0,0,0,0,0,0,0,0,0,0,0,0,0,0,0,0,0,0,0,0,0,0,0,0,0,0,0,0,0,0,0,0,0,0,0,0,0,0,0,0,0,0,0,0,378.858749389648,0,0,0,0,0
150.468282911513,112.077288194136,217.328163146973,203.253021240234,76.6285781860352,95.7961047036307,70.7267183576311,0,0,0,0,0,149.06071472168,0,199.570053100586,259.107757568359,190.042373657227,140.109512329102,153.568916320801,109.246349334717,0,0,57.1261253356934,0,0,0,0,0,0,0,0,0,0,0,0,0,0,0,0,0,0,0,0,0,0,0,0,0,0,0,0,0,0,0,0,0,0,0,0,0,0,0,0,0,0,0,0,0,0,0,0,0,0,0,0,0,0,0,0,0,0,0,0,0,0,0,0,0,0,0,0,0,0,0,0,0,0,0,0,0,0,0,0,0,0,0,0,0,0,0,0,0,0,0,0,0,0,0,0,425.576436360677,0,0,0,0,0,0,213.171911239624,0,0,387.723022460938,0,0,0,0,484.465312957764,116.076736450195,0,99.7322908129011,0,0,0,0,138.394317626953,0,0,0,0,0,0,0,0,0,0,87.9728806813558,834.26220703125,98.0400924682617,100.629988098145,131.376353003762,160.525054931641,100.815277099609,0,0,122.985116958618,0,0,0,0,0,0,0,0,0,0,0,0,0,0,0,0,0,0,0,0,0,0,0,0,0,0,0,0,0,0,0,0,0,0,0,0,0,0,0,0,0,0,0,0,0,0,0,0,0,0,0,0,0,0,0,0,0,0,0,0,0,0,0,0,0,0,0,0,0,0,0,0,0,0,0,0,0,0,0,0,0,0,0,0,0,0,0,0,0,0,0,0,0,0,0,0,0,0,0,0,0,0,0,0,0,0,0,0,0,0,0,0,0,0,0,0,0,0,0,0,0,0,0,0,0,0,0,0,0,0,0,0,0,0,0,0,0,0,0,0,0,0,0,0,0,0,0,0,0,0,0,0,0,0,0,0,0,0,0,0,0,0,0,0,0,0,0,0,0,0,0,0,0,0,0,0,0,0,0,0,0,0,0,0,0,0,0,0,0,0,0,0,0,0,0,0,0,0,0,0,0,0,0,0,0,0,0
0,118.008528821609,0,0,0,196.658935546875,218.266021728516,0,0,480.283142089844,0,0,0,0,304.205101013184,388.530059814453,123.283032735189,320.44234975179,127.60912322998,78.5801849365234,0,57.1261253356934,0,590.408447265625,0,0,0,0,0,298.801055908203,266.979309082031,0,0,0,0,0,0,0,0,0,0,0,0,0,0,0,0,377.149088541667,284.455261230469,263.571006774902,0,0,510.500411987305,0,0,0,0,0,0,0,0,0,0,0,0,0,0,0,0,0,0,0,0,0,0,0,0,0,0,0,0,0,0,0,0,0,0,0,0,0,0,0,0,0,405.912356450008,0,0,0,0,0,0,248.091445922852,455.038638305664,409.441543579102,239.974433898926,0,0,0,0,0,0,0,0,0,0,0,531.187215805054,0,0,572.948731994629,135.877696990967,0,0,0,0,0,437.572099473741,0,374.714322603666,487.659781561957,0,0,0,0,580.346768892728,303.307483939237,176.90146484375,181.12798567676,0,77.4631233215332,104.730180222648,0,102.450660387675,234.168853759766,157.488588968913,131.224849354137,0,0,242.956237792969,118.196750836495,82.9690226386575,47.4545726776123,0,272.887420654297,562.202758789062,118.198703765869,142.614930686304,104.67911529541,110.492050170898,362.386871337891,333.233856201172,0,178.65878868103,0,0,0,1250.91757202148,0,0,0,0,0,0,420.375216166178,0,303.98876953125,0,0,0,0,0,0,0,0,0,0,0,0,0,0,0,0,0,0,0,0,0,0,0,0,0,0,0,0,0,0,0,0,0,0,0,0,0,0,0,0,0,0,0,0,0,0,0,0,0,0,0,0,0,0,0,0,0,0,0,0,0,0,0,0,0,0,0,0,0,0,0,0,0,0,0,0,0,0,0,0,0,0,0,0,0,0,0,0,0,0,0,0,0,0,0,0,0,0,0,0,0,0,0,0,0,0,0,0,0,0,0,0,0,0,0,0,0,0,0,0,0,0,0,0,0,0,0,0,0,0,0,0,0,0,0,0,0,0,0,0,0,0,0,0,0,0,0,0,0,0,0,0,0,0,0,0,0,0,0,0,0,0,0,0,0,0,0,0,0,0,0,0,0,0,0,0,0,0,0,0,0,0,0,0,0,0,1226.44995117188,492.488133021763,280.21852016449,0,0,0,0,0
0,326.184997558594,0,0,0,0,0,0,0,0,0,0,0,0,0,0,38.9595413208008,0,0,0,0,0,590.408447265625,0,0,0,314.353051757813,0,0,0,0,0,0,0,224.452239990234,0,0,359.374938964844,0,178.811080932617,0,300.104461669922,0,0,0,305.821182250977,0,281.230285644531,0,318.463897705078,0,318.144561767578,0,0,0,0,0,0,0,0,0,0,0,0,0,0,0,0,0,0,0,0,0,0,0,0,0,0,0,453.68701171875,0,0,0,0,0,0,0,0,0,0,0,0,0,0,328.290579362349,0,0,0,0,0,333.225036621094,336.005654907227,115.447384153094,146.378187771501,0,0,67.1659164428711,0,0,0,0,0,0,0,276.039001464844,0,0,0,0,0,0,0,0,95.1078186035156,0,0,0,0,294.146062850952,0,0,0,0,0,782.539245605469,0,0,0,296.510185241699,0,272.590240478516,0,0,0,0,261.430672645569,0,0,0,282.1123046875,0,0,0,0,0,0,0,0,0,0,326.781141153971,0,0,0,0,0,0,234.145729064941,0,0,0,0,114.342442029143,146.902227982231,0,0,0,0,0,0,0,0,0,0,0,0,0,0,0,0,0,0,0,0,0,0,0,0,0,0,0,0,0,0,0,0,0,0,0,0,0,0,0,0,0,0,0,0,0,0,0,0,0,0,0,0,0,0,0,0,0,0,0,0,0,0,0,0,0,0,0,0,0,0,0,0,0,0,0,0,0,0,0,0,0,0,0,0,0,0,0,0,0,0,0,0,0,0,0,0,0,0,0,0,0,0,0,0,0,0,0,0,0,0,0,0,0,0,0,0,0,0,0,0,0,0,0,0,0,0,0,0,0,0,0,0,0,0,0,0,0,0,0,0,0,0,0,0,0,0,0,0,0,0,0,0,0,0,0,0,0,0,0,0,0,0,0,0,0,0,0,0,0,0,0,0,0,0,0,0,0,0,0,0,0,0,0,0,0,0,0,0,0,0,103.869785308838,0,0,0,0,0
0,0,0,0,0,0,0,260.652130126953,0,0,0,0,0,0,0,0,0,0,0,0,0,0,0,0,0,0,0,85.5902419090271,0,0,0,0,0,0,0,0,0,0,0,0,0,0,0,0,0,0,0,0,0,181.324645996094,0,0,337.742202758789,0,0,0,0,0,0,0,0,0,0,0,0,0,0,0,0,0,0,0,0,0,0,0,0,0,0,0,0,0,0,0,0,0,0,0,0,0,0,0,0,0,0,0,0,0,588.123718261719,263.584442138672,214.566117286682,276.504437255859,171.782196044922,120.530713584206,122.504129981995,0,0,0,0,0,0,0,0,0,462.031494140625,133.717071533203,144.998965399606,0,0,0,0,0,0,163.689894676208,87.375867207845,0,0,0,207.476135500016,226.2175716824,0,0,201.953224182129,455.149475097656,362.618560791016,0,158.17605082194,230.564445495605,129.982570266724,0,0,0,0,104.219588646522,0,0,0,124.108856625027,91.917563756307,101.253316497803,0,0,0,0,0,0,221.676162719727,0,0,0,0,0,0,0,0,0,0,0,0,0,0,0,0,149.217807292938,106.311720371246,609.001281738281,0,0,0,0,0,0,0,0,0,0,0,0,0,0,0,0,0,0,0,0,0,0,0,0,0,0,0,0,0,0,0,0,0,0,0,0,0,0,0,0,0,0,0,0,0,0,0,0,0,0,0,0,0,0,0,0,0,0,0,0,0,0,0,0,0,0,0,0,0,0,0,0,0,0,0,0,0,0,0,0,0,0,0,0,0,0,0,0,0,0,0,0,0,0,0,0,0,0,0,0,0,0,0,0,0,0,0,0,0,0,0,0,0,0,0,0,0,0,0,0,0,0,0,0,0,0,0,0,0,0,0,0,0,0,0,0,0,0,0,0,0,0,0,0,0,0,0,0,0,0,0,0,0,0,0,0,0,0,0,0,0,0,0,0,0,0,0,0,0,0,0,0,0,0,0,0,0,0,0,0,0,0,0,0,0,0,0,0,0,0,0,0,0,0
0,0,0,0,0,0,0,0,0,0,0,0,0,239.360130310059,0,0,0,0,0,0,0,0,0,0,0,0,0,0,0,0,0,0,0,0,0,0,0,505.172012329102,0,62.0393142700195,104.137376149495,0,80.1288187471155,0,0,0,0,0,0,0,0,0,0,0,0,0,0,148.249314048074,135.565511703491,95.9684384072474,0,96.8340759277344,79.325638754326,0,0,0,134.436768531799,121.133163658348,0,66.3080406188965,33.7567024230957,0,252.492523193359,0,0,0,0,0,197.073078308105,215.942512512207,217.983768463135,289.232864379883,0,151.912719726562,0,187.280199686686,0,0,0,0,0,0,0,0,0,94.24793277468,96.7456304423014,84.3168746948242,0,0,0,0,0,0,0,0,0,242.69685845626,0,0,0,0,0,249.766050338745,130.293518066406,0,0,0,0,0,0,0,0,0,0,0,0,0,0,0,0,0,0,0,0,1152.09643554688,0,0,0,0,0,0,0,0,0,0,0,0,0,0,0,0,0,0,0,0,0,0,0,0,0,0,0,0,0,0,0,0,0,0,0,0,0,0,0,0,0,0,107.712347507477,0,0,0,0,0,0,0,0,0,0,0,0,0,0,0,0,0,0,0,0,0,0,0,0,0,0,0,0,0,0,0,0,0,0,0,0,0,0,0,0,0,381.1220703125,0,0,0,0,0,0,0,0,0,0,0,0,0,0,0,0,425.95241800944,0,369.090911865234,0,0,0,0,0,0,0,416.901214599609,0,0,0,0,626.12939453125,0,0,0,0,0,0,656.459106445312,0,0,0,0,0,0,0,0,0,0,0,0,0,0,0,438.504415893555,0,364.230194091797,0,0,0,0,0,0,0,0,0,0,0,0,0,0,0,415.075469970703,0,0,0,0,0,0,0,0,0,0,0,0,0,0,0,0,0,0,0,0,0,0,0,0,0,0,0,0,0,0,0,0,0,0,0,0,0,0,0,0,0,0,0,0,0,0,0,0,0,0,0,0,0,0,0,0,0,0,0,0,0,0,0,0,0,0,562.598704020182,492.838450113932,434.59358215332,373.127109527588,256.422568875267,1173.681640625,1193.51550292969,0,0,401.435166579026
0,0,0,0,0,0,0,0,0,0,0,0,0,228.699099989498,142.045570373535,0,192.203491210938,0,0,0,0,0,0,314.353051757813,0,0,0,0,93.6904535186425,133.422624270121,156.974716186523,0,215.109426879883,116.681231180827,162.963677845304,264.300827026367,129.573313903809,133.368002484416,0,0,418.749237060547,109.188749949137,0,0,76.0215070897883,71.3011387416295,0,0,0,153.827710876465,0,320.694366455078,0,0,0,0,207.354438781738,402.805236816406,0,481.638153076172,0,0,660.841613769531,0,0,0,0,0,0,0,0,0,0,0,0,0,0,0,0,0,0,0,0,0,0,0,0,0,0,0,0,0,0,0,197.806995098407,0,0,0,0,0,0,0,303.462460604581,350.46755065918,0,0,0,0,0,0,0,0,0,0,0,0,190.594089508057,0,0,0,0,0,0,354.843231201172,0,0,0,0,273.544708251953,0,0,0,0,0,0,0,0,0,0,306.682891845703,0,161.999172210693,0,0,210.102648417155,247.990561265212,0,0,0,300.427060907537,288.425704956055,0,0,0,0,0,0,0,0,0,120.448780526055,64.3292980194092,0,0,0,0,0,0,0,0,0,0,334.519785563151,386.499094645182,0,0,0,0,0,0,0,0,0,0,0,0,0,0,0,0,0,0,0,0,0,0,0,0,0,0,0,0,0,0,0,0,0,0,0,0,0,0,0,0,0,0,0,0,0,0,0,0,0,0,0,0,0,0,0,0,0,0,0,0,0,0,0,0,0,0,0,0,0,0,0,0,0,0,0,0,0,0,0,0,0,0,0,0,0,0,0,0,0,0,0,0,0,0,0,0,0,0,0,0,0,0,0,0,0,0,0,0,0,0,0,0,0,0,0,0,0,0,0,0,0,0,0,0,0,0,0,0,0,0,0,0,0,0,0,0,0,0,0,0,0,0,0,0,0,0,0,0,0,0,0,0,0,0,0,0,0,0,0,0,0,0,0,0,0,0,0,0,0,0,0,0,0,0,0,0,0,0,0,0,0,0,0,0,0,0,0,0,0,381.223780705379,340.071918568713,0,0,0,470.423217773438,0
