0,44,9,122,137,141221,33,20,0,1054,138741,38,1,28,194,6,0,0,500,7,60,156,1,4,0,2,0,2,12,22,0,0,1,7,112,8,42,65,185,56,77,55,13,41,2,1069,187,75,91,0,6,0,69,0,0,37,23,1,1,4,136,37,107,259,43,0,34,1,13,48,0,0,19,0,839,76,175,8,12,36,3,5,14,190,68,503,3,33,0,37,37,43,0,0,4,5,6,3,2,7,1,0,0,3,1,1,6,13,139,0,0,0,12,10,0,0,1,1,0,50,3,30,56,0,0,0,0,0,0,0,1,0,0,0,8,0,18,9,6,0,0,0,0,0,5,2,25,0,47,1,6,0,0,0,2,0,0,27,11,13,0,40,0,3,0,1,0
44,0,16810,4989,1747,3890,7300,654,28,7936,150,10524,400,1018,317,3298,139,3,3706,3014,239,8873,1,2574,104,454,14,55,496,689,168,721,5568,5036,36649,233,18,872,3931,114,1253,589,2941,590,35,13768,2837,11224,2954,3,59,0,268,13,3,352,51,771,370,4,4705,2649,7328,14374,1131,2,80,156,365,355,2557,3483,7560,18,10014,1317,3256,32,85,781,3214,13,132,3727,5049,5622,46,4789,13,1075,608,224,4,33,5,1998,8,256,122,201,125,1,4,118,54,0,48,343,3449,0,1,21,215,3,5,12,4,17,33,3271,205,277,7316,0,109,5,62,12,16,19,31,4,44,5,162,14,1176,362,1682,0,32,11,16,1,160,194,405,1,4566,12,108,0,9,34,9,1,1,1268,1282,1163,37,113,7,1236,23,27,21
9,16810,0,1861,375,1678,6,0,11,5428,5,305,1263,165,28,0,0,277,319,18880,4,2934,82,4104,434,308,84,54,5,0,2301,764,6467,20436,22157,15,162,17,2,11,35,2,14961,199,18,202,537,22288,70,1056,141,0,28,8,1,174,26,618,1913,2,2,23,11,4490,152,134,34,738,20,8,7664,6541,5993,12,210,2,14,11,84,19,7571,4573,3985,6,716,684,2281,6577,1288,133,136,124,0,1772,0,222,1,3303,1490,213,132,4,1,0,88,3,72,1406,8273,0,8,0,0,1,0,0,171,7,0,7,25,86,16,941,126,0,3,1,1,3,7,2,53,0,0,0,0,45,28,2,1,9,1,0,331,639,1111,1,9,0,2,0,2,1,30,1900,32,1,181,37,97,57,3045,4,7,4,0
122,4989,1861,0,1208,7157,957,34,169,14619,290,1567,115,692,131,1154,94,6,1007,12661,867,813,762,5543,81,313,2,10,192,596,1687,5818,13710,6813,37946,70,84,1347,4566,414,7035,202,25904,2417,941,16073,15950,19794,850,77,61,17,360,31,100,2759,559,5810,3374,902,6607,736,10408,17816,147,469,427,2307,677,1249,1544,5053,12500,118,11273,1648,4020,291,1389,2515,3276,1028,9413,3009,954,14673,364,7144,64,247,2310,2025,28,32,0,6,2,213,141,103,27,0,0,34,12,0,16,193,1687,0,0,3,46,1,0,6,12,1,2,460,0,27,1019,2,14,0,13,8,1,4,3,0,10,0,40,10,317,2,49,0,11,8,5,0,84,85,172,0,727,4,42,0,1,11,7,4,1,337,264,15,22,30,11,135,8,8,3
137,1747,375,1208,0,9745,246,74,5,10685,390,116,3,36,74,38,7,0,177,64,59,982,10,30,0,2,4,1,24,177,16,15,68,62,1187,2,0,207,969,56,251,30,56,296,27,1544,2530,10354,109,0,5,0,39,4,1,104,18,12,16,7,845,126,971,7790,69,0,9,11,46,81,11,25,161,11,1220,198,782,23,69,133,22,0,6,633,126,2491,8,3398,0,20,113,160,1,0,0,11,0,0,0,0,1,0,0,3,0,0,0,3,114,0,0,1,8,1,0,0,1,1,0,90,1,22,143,0,2,0,4,2,1,0,0,0,0,0,7,3,37,2,1,0,3,0,2,0,2,1,4,0,57,0,7,0,0,6,0,0,0,66,26,3,2,37,0,21,0,0,0
141221,3890,1678,7157,9745,0,214,55,0,38713,178753,3257,2545,1382,8332,249,48,1,42162,163,78,3299,12,117,11,142,1,13,115,277,27,67,427,610,19082,15,14,334,1568,66,222,80,161,391,46,9513,3582,5314,1138,0,5,1,25,0,3,60,15,42,71,23,1061,32,1187,5478,579,0,40,83,43,52,95,217,2509,3,6637,375,1409,24,69,71,120,0,9,1473,534,6728,35,4687,2,344,62,164,3,107,36,5138,324,489,65,408,589,22,168,545,103,72,292,638,22681,0,1,271,3010,68,111,70,129,468,40,6178,1935,12117,2523,0,0,1,24,5,13,178,129,43,73,2,2310,58,1188,2879,1308,1,29,20,109,8,156,233,3300,6,9447,237,1141,14,108,173,107,0,7,2769,1070,4421,136,9584,1,331,215,197,4
33,7300,6,957,246,214,0,1068,19,3838,19,1335,0,189,40,2901,63,1,369,12,148,230,0,0,8,84,5,4,26,105,0,0,0,16,75,189,23,126,316,189,605,5937,19,104,15,1862,740,827,634,0,61,3,438,23,3,1590,50,0,0,8,416,7724,1814,728,29,0,85,1,917,119,6,0,8,0,1155,115,336,41,132,2388,0,2,30,2136,1389,885,6,158,0,118,962,157,10,0,2,5,0,0,2,1,0,0,16,123,0,0,0,4,3,0,0,0,62,0,44,37,3,0,0,371,0,0,829,0,3,0,4,3,2,3,0,0,0,0,84,11,1659,0,32,0,2,0,2,1,0,0,1,1,634,3,13,0,1,155,0,0,0,200,922,25,0,0,0,124,3,1,0
20,654,0,34,74,55,1068,0,8,554,1,209,0,40,10,322,32,0,74,1,216,0,0,0,0,0,0,0,3,18,0,0,0,2,0,3,3,56,111,180,1477,503,0,3,1,44,1,4,37,0,24,3,1088,201,2,74,71,0,0,2,158,7379,1052,6,0,1,18,0,121,250,0,0,0,0,33,78,200,21,88,3747,0,1,1,86,40,0,1,0,0,23,501,133,10,0,0,1,0,0,0,0,0,0,1,2,0,0,0,0,0,0,0,0,10,0,0,2,5,0,0,83,0,0,198,0,1,0,2,3,0,1,0,0,0,0,5,3,14,0,19,0,0,0,0,0,0,0,0,0,172,0,3,0,4,4,0,0,0,15,12,6,0,0,0,34,0,0,0
0,28,11,169,5,0,19,8,0,7,0,0,53,8,0,1,0,57,1,12,0,0,0,2,283,86,34,21,0,0,0,0,0,0,4,0,19,0,0,0,1,0,98,0,0,0,0,0,11,1,106,0,0,0,0,0,0,0,0,0,1,3,1,0,1,19,2,0,1,0,0,0,0,0,0,0,1,0,1,9,0,170,19,0,323,0,0,0,41,28,2,0,0,7,0,0,0,9,33,0,0,0,0,0,0,0,0,0,13,0,0,0,0,0,0,0,3,0,0,0,0,0,0,21,40,0,0,0,0,0,0,0,0,0,0,1,0,0,0,0,0,0,0,0,0,0,0,0,0,0,0,0,0,2,0,143,1,0,10,0,0,0,92,1,0,0,0
1054,7936,5428,14619,10685,38713,3838,554,7,0,551,2599,116,634,223,1192,104,3,1716,788,350,4714,26,862,67,695,10,18,199,724,121,349,2755,2701,65234,81,12,923,4430,172,3558,237,825,866,91,12786,6857,18322,1422,0,31,1,223,12,8,332,58,455,422,33,5762,1567,10965,14320,749,1,97,197,357,641,662,1618,9760,12,9766,1505,3889,62,140,1483,773,2,44,3221,1809,10547,87,14245,0,470,596,393,0,13,4,77,1,71,58,156,133,0,2,51,36,0,7,274,2317,0,0,7,101,2,3,16,12,7,2,773,12,73,1598,0,0,0,16,9,1,10,6,1,19,0,71,16,606,13,167,0,16,2,12,1,87,73,223,0,1101,12,32,0,5,31,4,0,0,544,374,53,61,60,3,285,4,8,9
138741,150,5,290,390,178753,19,1,0,551,0,56,15,127,188,28,2,0,1478,1,3,4,0,2,1,0,0,0,0,2,0,0,7,9,246,1,0,1,14,0,1,1,3,1,0,87,1,30,47,0,0,2,1,0,0,0,0,0,2,0,14,1,12,13,5,0,6,1,0,0,0,3,34,0,40,2,7,0,0,0,2,0,0,22,4,13,0,31,0,23,0,2,0,0,24,146,1,1,1,1,6,7,22,119,2,0,0,8,135,0,1,32,692,18,23,24,2,52,4,902,84,114,360,0,0,0,4,3,0,13,9,0,0,0,563,12,230,81,80,0,13,0,13,21,0,0,20,0,1420,64,256,1,6,37,0,2,4,509,181,317,1,74,0,59,8,13,0
38,10524,305,1567,116,3257,1335,209,0,2599,56,0,21997,2819,269,8130,744,12,7841,54,6,291,4,43,57,72,2,1,3,45,44,0,49,238,2678,218,33,29,129,9,11,5,20,35,2,3506,29,63,3026,0,87,1,27,2,8,11,8,1,30,12,142,28,313,53,326,0,100,46,14,10,45,189,339,0,2090,34,105,1,7,10,8,5,32,471,222,214,24,34,4,1228,49,32,9,457,36,10592,1,2458,382,701,688,76,181,763,64,376,1525,1887,25332,0,5,189,3166,53,134,168,729,239,12,4917,1599,7841,3314,1,112,0,42,76,4,230,63,124,200,5,2951,1156,2271,6004,1976,2,26,11,550,18,832,1339,4565,5,7636,293,1028,10,36,362,665,2,17,3194,3402,3581,42,3672,12,380,279,120,1
1,400,1263,115,3,2545,0,0,53,116,15,21997,0,1143,419,1,5,19,9073,690,0,198,0,823,133,21,7,2,0,0,14,5,42,536,3130,1,5,0,0,0,0,0,131,3,0,8,21,45,11,105,8,0,0,0,0,0,0,2,17,0,0,2,0,36,17,1,0,17,0,0,65,469,504,0,0,0,0,0,0,0,42,635,82,0,120,16,8,21,520,9,1,0,0,19205,0,4119,142,17067,842,111,117,0,4,0,1530,1094,4250,12869,12899,2,77,20,1,0,3,11,11175,196,10,30,243,18402,4,3190,35,0,5,7,7,160,135,412,1030,6,2,5,1,2997,115,17,5,73,37,0,4249,6775,4559,24,141,6,3,18,44,6,3873,3136,1342,0,267,104,2957,4531,1810,0,225,196,0
28,1018,165,692,36,1382,189,40,8,634,127,2819,1143,0,1768,834,232,321,5482,66,4,10,0,132,26,30,2,0,4,13,13,0,8,124,1195,113,13,3,79,1,11,0,11,7,0,321,2,14,283,4,44,0,10,0,1,7,0,2,7,4,55,6,183,6,10,0,93,48,0,2,24,108,137,0,137,27,46,0,9,16,4,30,22,185,73,14,5,26,21,75,11,3,4,13179,1226,2871,4144,12718,454,402,267,32,144,1226,3257,7767,9564,3731,26372,48,200,1987,10944,367,9867,146,31969,2868,5357,9429,14800,13748,1561,792,84,123,1712,160,4310,3817,8165,8964,3314,7641,26747,571,14294,16488,481,2465,642,3974,1366,1370,1342,3450,9132,482,15846,2725,5268,291,1102,5348,2875,3091,10297,5186,831,14552,726,4960,194,159,8734,8176,267
194,317,28,131,74,8332,40,10,0,223,188,269,419,1768,0,110,110,119,8415,9,1,11,0,13,2,6,0,0,2,4,2,0,5,15,239,6,0,5,29,1,0,1,1,1,0,119,5,3,154,1,3,0,8,0,0,1,0,1,3,0,23,8,34,2,1,0,14,3,3,3,3,8,32,0,57,9,37,1,0,9,2,0,0,75,18,8,1,5,2,30,1,6,3,233,62,4177,296,1162,104,119,91,14,88,639,195,302,975,502,7268,0,6,440,3816,60,277,39,423,881,177,3869,5585,12385,838,0,9,0,68,12,71,767,595,185,264,47,4229,110,1859,10121,756,2,54,20,305,17,222,381,1904,38,6866,477,1459,58,327,269,298,0,11,2238,421,6659,106,4270,5,97,909,679,1
6,3298,0,1154,38,249,2901,322,1,1192,28,8130,1,834,110,0,1927,40,4011,11,1,0,0,0,0,0,0,0,1,8,0,0,0,2,0,227,31,6,59,1,20,15,20,10,0,793,0,0,559,0,69,0,28,0,0,4,8,0,0,4,40,17,364,0,10,0,63,0,23,3,0,0,0,0,464,18,41,0,3,49,0,0,25,118,873,0,0,1,0,221,24,10,1,8,228,32,4,0,9,14,1,11,28,175,1,0,2,20,9,0,18,232,671,220,383,3339,43,54,2,544,43,143,653,0,11,4,452,160,6,603,700,0,0,1,856,3922,2289,41,3,1,91,0,1973,90,3,11,6,0,811,177,466,28,192,2739,0,3,18,1391,1146,48,6,75,0,86,954,715,11
0,139,0,94,7,48,63,32,0,104,2,744,5,232,110,1927,0,57,894,3,1,0,0,0,0,0,0,0,0,0,0,0,0,0,0,21,3,0,4,1,5,0,0,1,0,33,0,0,18,0,13,0,5,0,0,0,1,0,0,0,5,10,15,0,0,0,7,0,1,1,0,0,0,0,22,2,4,0,1,10,0,0,5,7,5,0,0,0,1,5,5,6,0,6,464,1,1,0,0,0,0,0,5,29,0,1,0,17,0,2,24,262,604,275,1220,856,26,26,3,81,14,5,23,0,23,2,1229,2577,4,349,236,0,0,3,929,14334,922,5,0,16,96,0,754,454,0,3,12,0,81,238,611,22,149,6516,0,44,59,304,26,10,7,6,3,5,782,557,28
0,3,277,6,0,1,1,0,57,3,0,12,19,321,119,40,57,0,16,28,0,0,0,7,27,2,4,1,0,0,0,0,0,0,11,0,5,0,0,0,1,0,11,0,0,0,0,0,1,12,4,0,0,0,0,0,0,0,0,0,0,0,1,0,0,0,2,0,0,0,0,0,0,0,0,0,0,0,0,1,0,215,14,0,58,0,0,0,124,4,0,0,0,47,2,0,0,1,48,2,0,0,0,0,0,0,0,0,2,0,2,0,3,1,1,1,112,0,0,0,0,0,2,62,24,0,1,9,0,6,0,0,0,0,3,13,4,0,0,0,0,0,5,3,0,0,0,0,0,1,0,0,0,28,0,506,22,0,28,0,0,0,77,4,1,1,0
500,3706,319,1007,177,42162,369,74,1,1716,1478,7841,9073,5482,8415,4011,894,16,0,34,8,44,4,69,65,132,5,0,2,31,37,0,37,328,3579,87,18,19,130,7,16,3,20,11,1,1150,11,79,1046,0,21,1,25,0,1,7,5,1,53,1,131,38,244,14,47,1,77,77,9,6,67,165,394,0,548,50,86,1,3,26,8,2,16,389,105,37,42,67,2,340,25,16,7,588,108,9511,272,4093,513,1877,2221,47,197,1200,288,631,2578,2723,81412,1,10,433,6105,107,781,153,875,758,87,7814,4184,21095,3121,10,2,0,111,34,40,516,326,383,601,21,7380,799,5833,8641,1983,7,45,62,603,80,986,1834,14305,11,13452,670,2095,45,234,924,752,2,20,4872,2272,7976,301,17592,16,402,658,494,6
7,3014,18880,12661,64,163,12,1,12,788,1,54,690,66,9,11,3,28,34,0,5,2,0,3978,122,13,2,6,2,0,8,40,58,2144,1196,34,626,0,1,16,141,6,2971,7,0,3,2,28,9,108,119,0,13,0,0,7,5,19,9,0,29,8,104,5,0,962,5,102,0,10,223,3693,385,0,3,1,2,2,2,80,608,368,1606,3,109,1,14,17,284,3,8,12,0,2871,0,0,0,7739,2827,7,0,2,1,0,2,0,9,148,5661,0,0,0,0,0,0,0,145,1,0,1,0,0,2,793,4,0,0,0,0,0,0,0,0,0,0,1,1,0,0,2,0,2,0,0,23,235,113,0,0,0,0,0,0,0,14,619,39,0,120,0,0,0,2977,4,0,0,0
60,239,4,867,59,78,148,216,0,350,3,6,0,4,1,1,1,0,8,5,0,0,7,0,3,0,0,0,1,73,6,9,1,24,0,289,823,9701,1810,8196,862,66,108,89,1,81,1,3,3,0,78,16,1618,31,13,1273,969,2,0,16,3095,1683,1026,1,0,43,3018,4,1438,4392,7,0,0,0,94,9112,9176,1333,2261,3264,1,15,112,367,3,2,21,0,0,1,2601,2742,87,0,0,0,0,0,0,0,0,0,0,6,0,0,0,0,0,0,0,1,18,0,0,0,0,0,0,7,0,0,4,0,0,0,0,0,0,1,0,0,0,0,47,1,83,0,0,0,0,0,1,0,0,0,0,0,10,2,7,0,0,2,0,0,0,33,2,0,0,0,0,0,0,0,0
156,8873,2934,813,982,3299,230,0,0,4714,4,291,198,10,11,0,0,0,44,2,0,0,0,2,4,221,1755,0,0,0,0,0,2,5,4165,4,0,0,0,0,0,0,1,4,0,210,292,780,199,0,0,0,0,0,0,1,0,0,2,5,0,0,0,2168,2219,0,6,0,0,0,0,2,17,0,93,0,2,0,0,0,3,0,0,0,6272,419,1,301,0,8,0,1,0,0,0,30279,2,0,0,4,195,0,0,0,2,0,0,4,5827,0,0,1,0,1,0,0,0,5,3,91,592,3749,243,0,0,0,0,0,3,6,1,0,0,0,0,0,0,2538,3598,0,0,0,3,0,2,0,4,0,78,0,1,0,1,0,0,0,0,0,5077,844,5,1884,0,85,1,0,0
1,1,82,762,10,12,0,0,0,26,0,4,0,0,0,0,0,0,4,0,7,0,0,0,0,7,0,0,1,0,958,0,13,60,1312,265,95,6,2,1,0,1,0,132,17416,49,1946,511,0,0,0,17,325,0,344,361,1118,1,15,3990,0,18,0,2261,0,0,220,12197,12,0,15,1,485,265,1578,6,9,2,52,0,1,0,0,6,0,9200,341,209,0,0,1163,1310,16,0,0,0,0,0,0,0,1,0,0,0,0,0,0,0,19,0,0,0,0,0,0,0,0,0,0,0,0,0,0,0,0,0,0,0,0,0,0,0,0,0,0,0,0,0,0,0,0,0,0,0,1,0,1,0,0,0,0,0,0,0,0,0,0,0,0,0,7,0,0,0,0,0,0
4,2574,4104,5543,30,117,0,0,2,862,2,43,823,132,13,0,0,7,69,3978,0,2,0,0,386,30,27,34,16,0,1,47,56,1078,4241,1,117,0,0,1,4,1,1042,0,0,0,1,0,40,119,4,0,1,0,0,0,0,47,7,0,0,0,2,3,0,415,2,160,0,3,80,1060,241,0,0,0,0,0,0,1,667,229,136,7,555,0,1,8,559,54,0,1,0,3094,0,0,0,19619,6836,38,0,2,1,0,0,2,9,180,15217,0,0,0,0,0,0,0,162,0,0,0,0,0,4,604,3,0,0,0,0,0,0,1,2,0,0,0,0,0,1,0,0,3,0,0,13,428,161,1,0,0,0,0,0,0,11,359,28,0,405,0,0,0,2382,9,0,0,0
0,104,434,81,0,11,8,0,283,67,1,57,133,26,2,0,0,27,65,122,3,4,0,386,0,5079,2432,4733,3148,0,0,5,1,42,14594,0,4,0,0,0,4,164,7,0,0,5,0,0,8054,31,315,0,0,2,0,0,0,1,0,1,0,0,254,0,541,2,0,7,0,0,3,45,63,0,1,0,1,0,0,44,11,733,9,2292,10859,0,0,0,2700,11088,0,0,0,167,0,0,0,1199,4344,211,2,14,3,0,2,0,2,34,9232,0,4,0,0,0,0,0,14,2,0,2,0,0,3,75,28,0,0,0,0,0,0,0,0,0,0,0,1,0,0,0,0,0,0,0,7,80,221,0,1,0,0,0,0,0,1,188,1,2,2181,0,0,0,910,14,0,0,0
2,454,308,313,2,142,84,0,86,695,0,72,21,30,6,0,0,2,132,13,0,221,7,30,5079,0,6793,1614,4373,2,155,0,11,21,11819,0,0,0,0,0,4,463,1,0,0,26,1,15,9825,5,34,0,0,0,0,4,0,0,13,0,0,0,617,7,3846,0,1,128,2,0,5,29,134,0,14,0,0,0,0,62,1,104,5,2595,6194,0,113,7,199,9227,1,1,0,8,0,1,0,49,286,7516,2412,2,3,0,9,0,1,152,17590,0,0,0,0,0,0,0,2,0,0,0,0,6,20,2,3,0,0,0,0,0,0,0,6,0,0,0,1,0,14,0,0,4,0,0,19,24,356,0,1,0,0,0,0,0,0,9,0,1,4117,1,27,6,34,27,0,0,0
0,14,84,2,4,1,5,0,34,10,0,2,7,2,0,0,0,4,5,2,0,1755,0,27,2432,6793,0,573,185,1,1,0,0,2,8314,0,0,0,0,0,0,17,1,0,0,74,2,69,2223,0,23,0,0,0,0,0,0,0,0,0,0,0,22,28,6223,0,0,0,0,0,1,2,34,0,47,0,0,0,0,4,0,65,0,212,3786,13,0,97,205,2620,0,0,0,2,0,205,0,9,59,201,704,1,0,0,3,0,0,2,2752,0,0,0,0,0,0,0,1,2,0,0,0,33,1,5,5,0,0,0,0,0,0,0,0,0,0,0,0,6,3,0,0,0,0,0,0,0,10,0,0,0,0,0,0,0,0,18,0,0,1523,0,0,188,25,1,0,0,0
2,55,54,10,1,13,4,0,21,18,0,1,2,0,0,0,0,1,0,6,0,0,0,34,4733,1614,573,0,252,0,1,0,0,2,2388,0,0,0,1,0,1,19,2,0,0,6,0,0,1232,1,14,0,0,0,0,0,0,0,0,0,0,0,24,0,27,0,2,0,0,0,0,3,6,0,3,0,0,0,0,3,0,72,0,333,2279,0,0,0,239,1586,0,1,0,2,0,0,0,30,96,4,1,0,0,0,0,0,0,1,133,0,0,0,0,0,0,0,1,0,0,0,0,0,3,2,7,0,0,0,0,0,0,0,2,0,0,0,0,0,1,0,0,0,0,0,0,0,3,0,0,0,0,0,0,0,0,12,0,0,28,0,0,0,55,4,0,0,0
12,496,5,192,24,115,26,3,0,199,0,3,0,4,2,1,0,0,2,2,1,0,1,16,3148,4373,185,252,0,44,1,0,1,1,3325,2,0,4,47,1,9,79,0,2,0,205,0,0,1561,0,0,3,35,2,3,1,4,3,1,4,3,2,251,0,10,1,71,9,2,0,1,4,30,0,78,1,28,0,2,34,0,2,0,1892,2397,0,0,0,39,535,6,20,25,0,0,1,0,23,45,20,0,0,0,0,0,0,0,2,187,0,0,0,0,0,0,1,0,0,0,1,0,0,25,4,0,0,0,0,0,0,0,0,0,0,0,0,1,0,8,0,0,0,0,0,0,0,2,0,2,0,0,0,0,0,0,2,0,3,102,0,0,0,9,22,0,0,0
22,689,0,596,177,277,105,18,0,724,2,45,0,13,4,8,0,0,31,0,73,0,0,0,0,2,1,0,44,0,0,0,0,1,3,6,7,52,2063,35,150,48,6,9,0,6,0,1,7,0,9,2,339,17,4,20,54,0,0,1,118,26,14159,0,0,0,489,1,10,40,1,0,0,0,6,46,924,1,5,117,0,0,6,1820,1521,0,2,0,0,1,45,565,38,0,0,0,0,0,0,0,0,0,4,729,0,0,0,0,0,0,0,4,796,3,0,0,0,1,0,193,0,0,98,0,0,0,2,1,0,0,1,0,0,0,310,0,1176,0,0,0,2,0,0,1,0,0,0,0,142,24,98,0,2,6,0,0,0,1904,176,0,0,0,0,4,2,1,1
0,168,2301,1687,16,27,0,0,0,121,0,44,14,13,2,0,0,0,37,8,6,0,958,1,0,155,1,1,1,0,0,6,1081,7201,21526,38,77,12,2,12,1,0,10,162,2206,48,455,1295,6,0,0,33,1674,10,1209,3761,5085,40,1415,4148,5,150,2,343,2,0,86,16230,453,3,3449,368,7699,78,143,9,13,17,530,7,86,0,1,4,12,543,3899,226,0,4,7286,4782,129,0,0,4,0,1,0,23,7,0,0,0,14,0,7,85,329,0,0,0,0,0,0,0,1,1,2,0,0,0,0,0,0,0,0,0,1,0,0,0,4,0,0,0,0,2,0,0,0,3,0,0,29,14,42,2,1,0,0,0,0,0,0,0,0,0,8,1,14,0,0,0,0,1,0
0,721,764,5818,15,67,0,0,0,349,0,0,5,0,0,0,0,0,0,40,9,0,0,47,5,0,0,0,0,0,6,0,425,72,21,3,268,2,0,2,16,0,555,1,0,0,2,1,0,1,0,0,4,0,0,0,2,484,39,3,6,0,16,0,0,2477,3,980,1,5,24,61,3,0,0,1,0,0,0,0,95,0,447,0,0,0,1,1,0,0,7,7,1,1,0,0,0,4,5,0,0,0,0,0,0,0,0,0,8,0,0,0,0,0,0,0,0,0,0,0,0,0,0,0,0,0,0,0,0,0,0,0,0,0,0,0,0,0,0,0,0,0,0,0,0,1,0,0,0,0,0,0,0,0,0,0,0,0,0,0,0,0,0,0,0,0,0
1,5568,6467,13710,68,427,0,0,0,2755,7,49,42,8,5,0,0,0,37,58,1,2,13,56,1,11,0,0,1,0,1081,425,0,1848,2074,2,228,1,1,14,0,0,445,40,11,18,146,184,4,0,0,2,106,0,64,836,496,2128,2802,244,0,26,1,122,1,259,6,7074,113,0,5792,1013,1629,13,24,0,1,10,169,1,1734,0,68,0,10,64,362,61,0,5,1113,430,7,5,0,0,0,38,15,5,0,1,1,0,21,0,10,37,227,0,0,0,0,0,0,0,0,0,0,0,0,0,1,0,0,0,0,0,0,0,0,0,6,0,0,0,0,0,1,0,0,6,0,0,36,34,28,0,0,0,0,0,0,0,1,0,0,0,6,1,0,0,0,0,0,0,0
7,5036,20436,6813,62,610,16,2,0,2701,9,238,536,124,15,2,0,0,328,2144,24,5,60,1078,42,21,2,2,1,1,7201,72,1848,0,7349,11,35,104,12,228,15,0,804,3374,252,427,1436,9362,5,6,1,1,43,0,13,4593,847,142,1530,26,3,115,18,1691,3,153,35,3059,620,0,27370,19661,21173,532,1922,20,45,355,2296,54,2047,4,21,2,31,751,11470,4736,10,7,3680,3535,1,193,0,7,1,3559,934,140,48,2,1,0,80,3,71,1335,9100,0,0,1,0,0,0,0,7,2,3,4,3,22,1,13,0,0,0,0,1,0,2,3,28,0,0,0,0,2,2,0,0,15,2,0,366,894,1250,0,1,0,1,0,0,1,27,5,0,0,25,2,59,17,59,0,1,2,0
112,36649,22157,37946,1187,19082,75,0,4,65234,246,2678,3130,1195,239,0,0,11,3579,1196,0,4165,1312,4241,14594,11819,8314,2388,3325,3,21526,21,2074,7349,0,11,112,2,0,2,3,229,252,30,7,317,103,6700,6341,105,1,0,17,0,6,287,101,89,4559,20,0,4,317,554,2436,88,4,13194,28,0,3447,4532,18563,2,218,0,11,2,76,24,564,422,82,1831,19876,153,10353,3640,1817,5848,241,102,0,1536,0,3133,11,21845,25685,26340,22620,37,71,0,461,17,313,8136,306659,0,3,12,3,0,0,1,92,40,8,16,24,2101,60,310,4,0,1,0,1,14,24,14,335,7,2,3,12,107,99,0,5,100,10,0,1990,4648,16730,1,26,0,10,1,14,2,109,386,19,5,14279,27,763,5550,2204,104,18,28,0
8,233,15,70,2,15,189,3,0,81,1,218,1,113,6,227,21,0,87,34,289,4,265,1,0,0,0,0,2,6,38,3,2,11,11,0,383,72,60,172,2204,13,159,82,58,41,392,781,9,1,27,2,620,78,39,329,131,0,1,191,302,375,1791,628,0,45,114,452,69,395,2,2,0,10,70,65,142,67,174,1996,1,80,200,29,74,97,14,108,2,5,354,277,9,0,0,0,0,0,3,0,0,0,0,4,0,0,0,2,0,0,0,0,9,0,0,0,1,0,0,84,0,0,126,0,0,0,2,1,0,0,0,0,0,0,6,3,57,0,3,0,0,0,1,0,0,0,0,0,155,0,6,0,0,3,0,0,0,26,12,2,0,0,0,7,0,0,1
42,18,162,84,0,14,23,3,19,12,0,33,5,13,0,31,3,5,18,626,823,0,95,117,4,0,0,0,0,7,77,268,228,35,112,383,0,135,72,209,3222,105,2361,42,4,18,12,105,8,7,4,4,1108,164,6,53,190,162,62,27,1147,184,1638,26,0,275,1619,434,24,1014,14,24,30,1,25,216,215,164,62,1011,36,379,2258,26,19,9,38,68,14,2,236,322,5,0,0,0,0,3,3,0,0,0,0,0,0,0,0,0,3,0,0,0,1,0,0,0,1,0,0,10,0,0,12,1,1,0,0,0,0,0,0,0,0,0,1,0,10,0,0,0,0,0,0,0,0,0,0,0,5,0,0,0,0,1,0,6,0,5,0,0,0,0,8,5,0,0,0
65,872,17,1347,207,334,126,56,0,923,1,29,0,3,5,6,0,0,19,0,9701,0,6,0,0,0,0,0,4,52,12,2,1,104,2,72,135,0,1884,2887,67,24,18,291,3,1648,15,47,42,0,10,73,2079,76,72,1499,1077,0,3,96,1995,646,648,8,0,10,2570,3,1012,711,28,6,5,9,2249,8480,9141,3627,2343,981,1,0,20,878,68,24,47,10,0,8,2830,4590,395,0,0,1,0,0,0,0,0,0,0,84,0,0,0,0,2,0,0,5,154,0,0,0,0,0,0,44,0,1,54,0,0,0,0,0,0,0,0,0,0,0,146,1,329,0,1,0,0,0,0,0,0,0,0,0,38,13,26,0,0,0,0,0,0,324,14,2,0,0,0,3,0,0,0
185,3931,2,4566,969,1568,316,111,0,4430,14,129,0,79,29,59,4,0,130,1,1810,0,2,0,0,0,0,1,47,2063,2,0,1,12,0,60,72,1884,0,1019,228,45,4,49,4,133,0,5,6,0,25,51,3387,213,56,371,841,0,0,33,935,277,9171,0,0,2,4772,1,280,264,0,0,0,0,163,1130,6272,146,175,670,0,3,8,1720,2299,0,7,0,0,2,716,6462,451,0,5,0,0,0,0,0,0,0,1,1718,0,0,0,0,0,0,0,12,3090,5,8,0,0,8,0,489,0,0,237,0,0,0,8,5,1,4,0,0,0,0,1279,0,3804,0,4,0,10,0,3,0,0,0,0,0,302,89,497,0,4,11,0,0,1,5071,391,0,0,0,0,16,1,11,4
56,114,11,414,56,66,189,180,0,172,0,9,0,1,1,1,1,0,7,16,8196,0,1,1,0,0,0,0,1,35,12,2,14,228,2,172,209,2887,1019,0,362,57,52,414,7,251,33,79,7,0,35,38,918,24,31,1047,371,2,4,38,170,1156,123,30,0,3,460,18,1890,1352,47,6,9,5,297,1666,3460,1220,4674,6295,2,8,80,343,10,42,140,33,0,6,1370,1674,180,0,0,0,0,0,0,0,0,0,0,5,0,0,0,0,1,0,0,0,3,1,0,0,0,0,0,2,0,0,1,0,0,0,0,0,0,0,0,0,0,0,0,0,15,0,0,0,0,0,0,0,0,0,0,0,8,0,4,0,0,0,0,0,0,12,1,0,0,0,0,0,0,0,0
77,1253,35,7035,251,222,605,1477,1,3558,1,11,0,11,0,20,5,1,16,141,862,0,0,4,4,4,0,1,9,150,1,16,0,15,3,2204,3222,67,228,362,0,241,611,1,0,15,0,0,11,0,1036,0,1852,23,0,855,811,2,0,0,601,1925,7683,0,0,108,6352,8,758,2841,2,0,0,0,3,73,172,16,92,7241,11,58,742,75,54,0,1,0,1,1,1930,1570,1,0,0,0,0,0,1,0,0,0,0,12,0,0,0,0,0,0,0,0,30,0,0,0,2,0,0,5,0,0,8,0,0,0,1,0,0,2,0,0,0,0,20,0,132,0,0,0,0,0,2,0,0,0,0,0,6,4,6,0,0,6,0,1,0,28,9,0,0,0,1,2,0,0,0
55,589,2,202,30,80,5937,503,0,237,1,5,0,0,1,15,0,0,3,6,66,0,1,1,164,463,17,19,79,48,0,0,0,0,229,13,105,24,45,57,241,0,20,9,1,315,0,1,1409,0,2,7,1628,1088,5,50,19,0,0,3,31,4715,2383,0,1,8,99,1,196,41,1,0,1,0,108,15,58,22,47,1945,0,20,42,3772,283,1,2,0,0,165,64,56,47,0,0,0,0,0,2,0,0,0,0,2,0,0,0,0,21,0,0,0,1,0,2,3,0,0,0,3,0,0,11,0,0,0,0,0,0,0,0,0,0,0,3,0,28,0,3,0,0,0,0,0,0,0,0,0,2,0,0,0,0,3,0,0,0,1,28,0,0,0,0,3,0,1,0
13,2941,14961,25904,56,161,19,0,98,825,3,20,131,11,1,20,0,11,20,2971,108,1,0,1042,7,1,1,2,0,6,10,555,445,804,252,159,2361,18,4,52,611,20,0,3,2,0,1,10,1,38,292,0,237,38,0,8,32,435,31,2,119,102,299,2,1,9717,98,416,6,94,496,783,55,0,0,28,21,16,17,263,1332,1622,16998,7,23,2,13,7,43,3,64,28,3,218,0,0,0,500,243,1,0,1,0,0,1,1,4,19,369,0,2,0,0,0,0,2,50,0,0,10,0,0,10,140,11,0,0,0,0,0,0,1,0,0,0,0,7,0,1,1,0,0,1,0,3,28,7,0,4,0,0,0,0,0,0,173,9,0,18,0,0,0,425,4,0,0,0
41,590,199,2417,296,391,104,3,0,866,1,35,3,7,1,10,1,0,11,7,89,4,132,0,0,0,0,0,2,9,162,1,40,3374,30,82,42,291,49,414,1,9,3,0,770,12813,1892,4036,205,0,3,200,1470,58,212,3025,3739,0,23,282,4,121,15,1678,3,1,967,108,366,1,719,120,235,906,18506,53,775,1011,1624,113,5,0,1,484,9,3484,3431,1286,0,53,4148,13613,761,0,0,1,0,0,0,0,0,0,0,4,0,0,0,3,17,0,0,0,12,0,0,0,0,0,0,35,3,16,21,0,0,0,0,0,0,0,1,0,0,0,2,0,16,3,12,0,2,0,0,0,0,0,3,0,39,1,6,0,1,0,0,0,0,44,5,11,0,20,0,5,0,0,1
2,35,18,941,27,46,15,1,0,91,0,2,0,0,0,0,0,0,1,0,1,0,17416,0,0,0,0,0,0,0,2206,0,11,252,7,58,4,3,4,7,0,1,2,770,0,1230,1465,4933,5,0,0,69,1331,0,2284,1011,5209,4,31,15329,0,38,0,2940,0,0,729,3498,44,0,193,2,8,1625,3951,1,5,8,149,2,1,0,0,7,2,8222,1864,173,0,0,3594,8570,83,0,0,6,0,0,0,0,0,0,0,0,0,0,0,0,3,0,0,0,0,0,0,0,0,0,0,3,0,0,2,0,0,0,2,0,3,0,0,0,0,0,0,0,0,2,2,0,0,0,0,0,0,0,0,0,2,0,0,0,0,0,0,0,0,0,1,7,0,0,0,0,0,0,0
1069,13768,202,16073,1544,9513,1862,44,0,12786,87,3506,8,321,119,793,33,0,1150,3,81,210,49,0,5,26,74,6,205,6,48,0,18,427,317,41,18,1648,133,251,15,315,0,12813,1230,0,1209,882,620,0,20,701,2567,91,244,538,471,0,10,1780,21,96,201,815,870,2,4440,39,110,5,41,12,99,310,20107,187,1163,166,357,136,6,0,2,1712,2470,6155,338,632,0,483,836,5327,2233,0,2,1651,1,0,0,1,0,1,2,191,1,0,0,15,39,0,1,15,430,11,0,5,1,20,8,4985,194,19,8612,0,0,1,23,3,17,13,22,0,0,4,75,6,398,142,6251,0,22,0,7,1,0,1,6,4,6364,2,125,0,6,14,0,0,0,2194,971,3170,4,7,0,1419,19,23,13
187,2837,537,15950,2530,3582,740,1,0,6857,1,29,21,2,5,0,0,0,11,2,1,292,1946,1,0,1,2,0,0,0,455,2,146,1436,103,392,12,15,0,33,0,0,1,1892,1465,1209,0,12182,2,0,1,0,14,0,4,430,98,5,126,493,1,4,2,20923,113,0,1239,789,39,0,423,25,122,494,3841,0,3,94,242,2,22,0,0,0,62,15880,2110,1897,0,0,324,829,1,0,0,1924,1,0,0,0,0,0,0,0,0,0,0,1,17,0,0,0,0,0,0,0,0,0,3,12,208,66,23,0,0,0,0,0,0,2,2,0,0,0,0,0,0,459,347,0,0,0,2,0,0,0,1,0,15,0,0,0,1,0,0,0,0,0,79,199,0,3,0,2,0,0,0
75,11224,22288,19794,10354,5314,827,4,0,18322,30,63,45,14,3,0,0,0,79,28,3,780,511,0,0,15,69,0,0,1,1295,1,184,9362,6700,781,105,47,5,79,0,1,10,4036,4933,882,12182,0,15,0,0,2,203,1,226,4552,4212,10,129,938,3,34,0,16356,48,0,27,1336,217,0,3582,447,4372,1896,5819,6,8,187,1088,6,62,0,1,1,382,4239,9537,8602,0,0,6421,5617,2,0,0,2121,5,0,0,3,91,0,0,0,4,0,0,54,3906,0,0,2,0,0,0,0,0,13,0,6,24,1959,4,0,0,0,0,0,0,1,1,0,0,0,0,0,0,131,24,0,1,0,1,0,4,3,45,0,12,0,1,0,1,0,0,0,0,0,289,15,61,1635,0,0,0,3,0
91,2954,70,850,109,1138,634,37,11,1422,47,3026,11,283,154,559,18,1,1046,9,3,199,0,40,8054,9825,2223,1232,1561,7,6,0,4,5,6341,9,8,42,6,7,11,1409,1,205,5,620,2,15,0,2,11,38,213,9,16,18,46,2,0,23,7,11,800,33,2519,0,244,3,7,0,0,13,62,3,543,4,33,14,6,255,2,40,2,3651,9272,113,0,52,264,7999,34,154,172,5,0,1371,1,35,109,59,9,14,15,27,0,0,0,4,405,0,0,5,64,0,0,12,0,7,5,2283,117,18,10858,3,3,3,22,2,5,2,4,0,0,1,6,2,83,108,4648,0,16,0,5,0,0,2,9,1,3991,1,22,0,1,4,0,19,0,748,3369,1147,0,7,43,3599,9,10,11
0,3,1056,77,0,0,0,0,1,0,0,0,105,4,1,0,0,12,0,108,0,0,0,119,31,5,0,1,0,0,0,1,0,6,105,1,7,0,0,0,0,0,38,0,0,0,0,0,2,0,11,0,0,0,0,0,0,0,0,0,0,0,0,0,1,11,0,0,0,0,0,2,1,0,0,0,0,0,0,0,1,300,58,0,58,0,0,0,197,3,0,0,0,412,0,0,0,667,602,0,0,3,2,0,0,0,0,0,637,0,3,0,0,0,0,1,50,0,0,0,0,0,2,289,4,0,0,0,0,0,0,0,0,0,0,0,0,0,0,0,0,0,0,0,0,9,0,0,0,0,0,0,0,0,0,340,7,0,64,0,0,0,1005,5,0,0,0
6,59,141,61,5,5,61,24,106,31,0,87,8,44,3,69,13,4,21,119,78,0,0,4,315,34,23,14,0,9,0,0,0,1,1,27,4,10,25,35,1036,2,292,3,0,20,1,0,11,11,0,0,56,7,0,3,17,0,0,0,141,24,646,0,0,3,35,0,4,169,0,0,0,0,5,15,15,7,7,682,0,325,277,14,160,0,1,0,73,16,18,21,0,1,0,0,0,0,4,0,0,0,0,0,0,0,0,4,2,0,0,1,1,0,0,2,1,0,0,37,0,0,28,2,6,0,0,0,0,1,0,0,0,0,1,7,9,0,0,0,0,0,2,0,0,0,0,0,46,0,7,0,0,0,0,10,0,5,8,0,0,0,4,5,0,0,0
0,0,0,17,0,1,3,3,0,1,2,1,0,0,0,0,0,0,1,0,16,0,17,0,0,0,0,0,3,2,33,0,2,1,0,2,4,73,51,38,0,7,0,200,69,701,0,2,38,0,0,0,135,12,25,54,10,0,0,1024,0,12,2,1,2,0,646,41,18,0,0,0,0,1,772,35,119,14,31,14,0,0,0,92,8,3,10,0,0,3,40,94,203,0,0,0,0,0,0,0,0,0,0,0,0,0,0,0,0,0,0,0,0,0,0,0,0,0,0,2,0,0,3,0,0,0,0,0,0,0,0,0,0,0,0,0,0,0,0,0,0,0,0,0,0,0,0,0,1,0,0,0,0,0,0,0,0,2,0,0,0,0,0,0,0,0,0
69,268,28,360,39,25,438,1088,0,223,1,27,0,10,8,28,5,0,25,13,1618,0,325,1,0,0,0,0,35,339,1674,4,106,43,17,620,1108,2079,3387,918,1852,1628,237,1470,1331,2567,14,203,213,0,56,135,0,539,2991,271,1701,16,145,3650,2781,554,1504,10,1,172,8463,916,306,943,85,3,16,207,2712,1740,5031,669,486,1446,5,107,546,2169,91,24,1097,3,0,32,1279,19006,2443,0,0,0,0,0,0,0,0,0,0,0,0,0,0,0,0,0,0,0,11,0,0,0,0,1,0,25,0,0,32,0,1,1,2,0,0,1,0,0,0,0,5,1,16,0,1,0,3,0,0,0,0,0,0,0,23,0,6,0,0,0,0,1,0,42,6,6,0,0,0,7,0,0,0
0,13,8,31,4,0,23,201,0,12,0,2,0,0,0,0,0,0,0,0,31,0,0,0,2,0,0,0,2,17,10,0,0,0,0,78,164,76,213,24,23,1088,38,58,0,91,0,1,9,0,7,12,539,0,1,8,11,0,0,3,82,496,34,0,0,30,1492,3,16,22,0,0,0,0,89,61,238,20,11,64,0,18,89,125,3,2,0,0,0,0,20,289,40,0,0,0,0,0,0,0,0,0,0,0,0,0,0,0,0,0,0,0,5,0,0,0,0,0,0,2,0,0,4,0,0,0,0,0,0,0,0,0,0,0,0,0,0,0,0,0,0,0,0,0,0,0,0,0,0,0,1,0,0,0,0,0,0,2,1,0,0,0,0,0,0,0,0
0,3,1,100,1,3,3,2,0,8,0,8,0,1,0,0,0,0,1,0,13,0,344,0,0,0,0,0,3,4,1209,0,64,13,6,39,6,72,56,31,0,5,0,212,2284,244,4,226,16,0,0,25,2991,1,0,142,1526,7,97,4133,0,10,4,42,0,0,128,815,11,0,44,0,5,267,346,25,116,27,46,22,1,0,0,80,2,23,942,1,0,5,797,5868,1146,0,0,0,0,0,0,0,0,0,0,0,0,0,0,0,0,0,0,0,0,0,0,0,0,0,0,1,0,0,0,0,0,0,0,0,0,0,0,0,0,0,0,0,0,0,1,0,0,0,0,0,0,0,0,0,3,0,0,0,0,0,0,0,0,1,1,0,0,0,0,0,0,0,0
37,352,174,2759,104,60,1590,74,0,332,0,11,0,7,1,4,0,0,7,7,1273,1,361,0,0,4,0,0,1,20,3761,0,836,4593,287,329,53,1499,371,1047,855,50,8,3025,1011,538,430,4552,18,0,3,54,271,8,142,0,1618,11,649,412,1080,1641,439,942,0,1,424,858,4024,695,4981,47,274,898,702,990,1278,2246,7642,2305,64,0,12,108,4,329,8977,391,0,8,10496,6643,104,0,0,0,0,0,0,0,0,0,0,0,0,0,0,2,13,0,0,0,0,0,0,0,1,0,0,2,0,1,12,0,1,0,0,0,0,2,0,0,0,1,0,0,2,0,3,0,0,0,0,0,0,0,3,0,5,0,0,0,0,1,0,0,0,6,1,5,5,1,0,4,0,0,0
23,51,26,559,18,15,50,71,0,58,0,8,0,0,0,8,1,0,5,5,969,0,1118,0,0,0,0,0,4,54,5085,2,496,847,101,131,190,1077,841,371,811,19,32,3739,5209,471,98,4212,46,0,17,10,1701,11,1526,1618,0,13,665,1764,1372,491,630,585,1,13,398,1123,230,505,2082,9,82,3363,941,864,1616,742,375,415,53,7,48,331,14,65,6516,54,0,7,13170,23220,31,0,0,0,0,0,0,0,0,0,0,1,0,0,0,1,0,0,0,0,1,0,0,0,0,0,0,8,0,0,21,0,0,0,1,0,0,1,1,0,0,0,0,0,1,0,3,0,0,0,0,0,1,0,0,0,10,0,0,0,0,1,0,0,0,2,2,4,1,0,0,1,2,0,0
1,771,618,5810,12,42,0,0,0,455,0,1,2,2,1,0,0,0,1,19,2,0,1,47,1,0,0,0,3,0,40,484,2128,142,89,0,162,0,0,2,2,0,435,0,4,0,5,10,2,0,0,0,16,0,7,11,13,0,670,30,0,3,1,1,0,1307,2,1311,7,0,201,118,34,0,1,0,0,0,3,1,206,0,148,0,1,3,4,2,0,0,27,16,2,0,0,0,0,3,5,1,0,0,0,0,0,0,0,0,7,0,0,0,0,0,0,0,0,0,0,0,0,0,0,0,0,0,0,0,0,0,0,2,0,0,0,0,0,0,0,0,0,0,0,0,0,1,1,0,0,0,0,0,0,0,0,0,0,0,0,0,0,0,1,0,0,0,0
1,370,1913,3374,16,71,0,0,0,422,2,30,17,7,3,0,0,0,53,9,0,2,15,7,0,13,0,0,1,0,1415,39,2802,1530,4559,1,62,3,0,4,0,0,31,23,31,10,126,129,0,0,0,0,145,0,97,649,665,670,0,255,0,31,0,74,0,9,5,4200,83,0,1581,364,2099,8,14,1,1,4,88,1,161,0,7,0,4,64,1031,37,0,0,1046,553,5,0,0,0,0,6,2,3,0,0,0,0,12,0,6,38,186,0,0,0,0,0,0,0,0,0,0,0,0,0,0,0,0,0,0,0,0,0,0,0,6,0,0,0,0,0,0,0,0,0,0,0,21,12,10,0,0,0,0,0,0,0,0,0,0,0,2,0,1,0,0,0,0,0,0
4,4,2,902,7,23,8,2,0,33,0,12,0,4,0,4,0,0,1,0,16,5,3990,0,1,0,0,0,4,1,4148,3,244,26,20,191,27,96,33,38,0,3,2,282,15329,1780,493,938,23,0,0,1024,3650,3,4133,412,1764,30,255,0,1,53,3,386,1,5,1636,4575,73,2,103,9,6,237,959,20,54,24,67,23,14,0,3,44,2,1659,2008,9,0,7,1559,4161,1165,0,0,37,0,0,0,0,0,0,0,0,0,0,0,0,0,0,0,0,0,0,0,0,0,0,1,21,4,2,7,0,0,0,2,0,0,1,0,0,0,2,0,0,1,6,32,0,3,0,0,0,0,1,0,0,20,0,1,0,0,0,0,0,0,1,2,32,0,0,0,2,0,1,0
136,4705,2,6607,845,1061,416,158,1,5762,14,142,0,55,23,40,5,0,131,29,3095,0,0,0,0,0,0,0,3,118,5,6,0,3,0,302,1147,1995,935,170,601,31,119,4,0,21,1,3,7,0,141,0,2781,82,0,1080,1372,0,0,1,0,1098,4765,0,0,66,10246,5,700,1717,1,0,0,0,18,2959,775,71,208,208,0,18,147,70,366,0,0,0,0,1,2013,5000,7,0,7,0,0,0,0,0,0,0,0,521,0,0,0,0,0,0,0,10,1215,1,1,0,0,0,0,211,0,0,86,0,0,0,2,0,0,2,0,0,0,0,1429,1,2963,0,0,0,5,0,6,2,0,0,0,0,164,113,217,0,2,3,0,0,1,1702,78,1,0,0,0,2,0,2,2
37,2649,23,736,126,32,7724,7379,3,1567,1,28,2,6,8,17,10,0,38,8,1683,0,18,0,0,0,0,0,2,26,150,0,26,115,4,375,184,646,277,1156,1925,4715,102,121,38,96,4,34,11,0,24,12,554,496,10,1641,491,3,31,53,1098,0,883,4,0,33,745,53,1979,1156,123,2,8,12,109,623,952,721,1468,5846,6,70,191,112,11,16,212,8,0,3,1901,946,72,0,0,0,0,0,0,0,0,0,0,1,0,0,0,1,0,0,0,0,1,0,1,0,9,0,0,6,0,0,14,0,0,0,0,0,0,3,0,0,0,0,1,5,6,0,2,0,0,0,2,0,0,0,0,0,9,0,0,0,0,5,0,0,0,5,2,1,0,0,0,6,1,0,0
107,7328,11,10408,971,1187,1814,1052,1,10965,12,313,0,183,34,364,15,1,244,104,1026,0,0,2,254,617,22,24,251,14159,2,16,1,18,317,1791,1638,648,9171,123,7683,2383,299,15,0,201,2,0,800,0,646,2,1504,34,4,439,630,1,0,3,4765,883,0,0,9,42,7755,3,398,987,3,5,2,0,166,845,3205,18,67,6440,3,41,324,12832,3304,0,5,0,4,146,1109,2210,23,0,12,1,0,1,6,2,0,1,22,1352,0,0,0,0,18,0,0,14,2247,7,22,27,0,1,0,377,0,0,236,0,1,0,9,6,0,2,0,0,0,0,1869,3,7077,0,1,0,6,0,5,0,0,0,1,0,387,164,448,0,4,62,0,0,0,3673,572,0,0,0,1,22,1,1,5
259,14374,4490,17816,7790,5478,728,6,0,14320,13,53,36,6,2,0,0,0,14,5,1,2168,2261,3,0,7,28,0,0,0,343,0,122,1691,554,628,26,8,0,30,0,0,2,1678,2940,815,20923,16356,33,0,0,1,10,0,42,942,585,1,74,386,0,4,0,0,324,0,270,853,37,0,516,79,226,779,3906,1,3,56,346,0,21,0,0,1,547,7959,2221,3674,0,0,1298,1518,0,0,0,5580,0,0,0,1,6,0,0,0,0,0,0,2,256,0,0,0,0,0,0,0,0,0,6,10,196,512,31,0,0,0,1,0,1,2,0,0,0,3,0,0,0,1269,681,0,0,0,0,0,0,0,1,0,16,0,0,0,0,0,0,0,0,0,528,213,1,135,0,8,0,1,0
43,1131,152,147,69,579,29,0,1,749,5,326,17,10,1,10,0,0,47,0,0,2219,0,0,541,3846,6223,27,10,0,2,0,1,3,2436,0,0,0,0,0,0,1,1,3,0,870,113,48,2519,1,0,2,1,0,0,0,1,0,0,1,0,0,9,324,0,0,7,0,0,0,1,2,61,0,614,0,1,0,0,4,2,2,0,70,6555,312,2,132,7,2912,1,0,1,1,0,6092,1,0,2,36,35,1,4,1,0,0,0,1,301,0,0,2,0,0,0,1,1,0,6,599,290,45,1835,0,0,0,1,0,2,5,6,0,0,7,0,1,2,923,9377,0,0,0,1,0,2,0,6,1,924,0,2,0,1,1,0,0,0,6,3823,1974,0,13,0,752,11,2,1
0,2,134,469,0,0,0,1,19,1,0,0,1,0,0,0,0,0,1,962,43,0,0,415,2,0,0,0,1,0,0,2477,259,153,88,45,275,10,2,3,108,8,9717,1,0,2,0,0,0,11,3,0,172,30,0,1,13,1307,9,5,66,33,42,0,0,0,56,575,5,39,8,119,0,0,1,9,8,8,3,35,242,471,5440,1,5,0,0,0,8,0,10,16,0,1,0,0,0,5,4,0,0,0,0,0,0,0,0,1,3,0,0,0,0,0,0,0,0,0,0,0,0,0,0,0,2,0,0,0,0,0,0,0,0,0,1,0,0,0,0,0,0,0,0,0,0,0,0,0,0,0,0,0,0,0,0,5,0,0,2,0,0,0,4,0,0,0,0
34,80,34,427,9,40,85,18,2,97,6,100,0,93,14,63,7,2,77,5,3018,6,220,2,0,1,0,2,71,489,86,3,6,35,4,114,1619,2570,4772,460,6352,99,98,967,729,4440,1239,27,244,0,35,646,8463,1492,128,424,398,2,5,1636,10246,745,7755,270,7,56,0,366,213,2522,14,2,8,13,3847,3924,5811,512,323,1618,0,98,233,2102,282,1408,62,10,1,69,749,2476,505,0,0,1,0,0,1,0,0,0,0,3,0,0,0,0,0,0,0,2,27,1,0,1,1,0,0,52,1,1,91,0,0,1,8,0,0,0,1,0,0,0,15,1,93,0,4,0,7,0,0,0,0,0,0,0,68,0,6,0,1,1,0,0,0,120,31,2,0,0,2,14,1,7,0
1,156,738,2307,11,83,1,0,0,197,1,46,17,48,3,0,0,0,77,102,4,0,12197,160,7,128,0,0,9,1,16230,980,7074,3059,13194,452,434,3,1,18,8,1,416,108,3498,39,789,1336,3,0,0,41,916,3,815,858,1123,1311,4200,4575,5,53,3,853,0,575,366,0,114,1,1204,1865,5370,61,139,4,5,20,224,5,638,0,33,4,18,451,1647,819,0,2,1543,1919,103,2,0,0,0,30,8,33,18,0,0,0,13,0,1,64,431,0,0,0,0,0,0,0,0,1,0,0,0,2,0,0,0,0,0,0,0,0,0,0,0,1,0,0,0,1,0,0,0,10,0,0,20,19,54,0,0,0,0,0,0,0,1,0,0,0,8,0,15,3,1,0,0,0,0
13,365,20,677,46,43,917,121,1,357,0,14,0,0,3,23,1,0,9,0,1438,0,12,0,0,2,0,0,2,10,453,1,113,620,28,69,24,1012,280,1890,758,196,6,366,44,110,39,217,7,0,4,18,306,16,11,4024,230,7,83,73,700,1979,398,37,0,5,213,114,0,660,461,9,56,40,162,732,1019,886,4152,2991,9,0,5,65,5,41,725,61,0,0,1436,1269,105,0,0,0,0,0,0,0,1,0,0,0,0,0,0,1,1,0,0,1,1,0,0,0,0,0,0,4,0,0,12,0,0,0,0,0,0,0,0,0,0,0,1,1,1,1,0,0,0,0,2,0,1,0,0,0,9,0,1,0,0,1,0,0,0,3,2,1,0,0,0,4,0,0,0
48,355,8,1249,81,52,119,250,0,641,0,10,0,2,3,3,1,0,6,10,4392,0,0,3,0,0,0,0,0,40,3,5,0,0,0,395,1014,711,264,1352,2841,41,94,1,0,5,0,0,0,0,169,0,943,22,0,695,505,0,0,2,1717,1156,987,0,0,39,2522,1,660,0,0,1,0,0,4,617,678,21,126,2187,0,10,131,44,13,0,0,0,1,0,1406,1093,7,0,1,0,0,0,0,0,0,0,0,11,0,0,0,0,0,0,0,0,33,0,0,0,0,0,0,2,0,0,7,0,0,0,0,0,0,0,0,0,0,0,41,0,127,0,0,0,0,0,0,0,0,0,0,0,6,3,11,0,0,1,0,0,0,65,0,0,0,0,0,1,0,0,0
0,2557,7664,1544,11,95,6,0,0,662,0,45,65,24,3,0,0,0,67,223,7,0,15,80,3,5,1,0,1,1,3449,24,5792,27370,3447,2,14,28,0,47,2,1,496,719,193,41,423,3582,0,0,0,0,85,0,44,4981,2082,201,1581,103,1,123,3,516,1,8,14,1204,461,0,0,4249,4254,236,404,3,10,131,1339,14,2683,0,5,1,9,200,7888,363,2,0,5661,1871,2,10,0,3,0,147,46,10,0,0,0,0,30,0,20,171,776,0,1,0,0,0,0,0,3,1,1,0,0,1,2,0,0,0,0,0,3,0,0,0,12,0,0,0,1,1,0,0,0,2,0,0,104,138,128,0,1,0,0,0,0,0,12,0,0,1,4,0,3,0,1,1,0,0,0
0,3483,6541,5053,25,217,0,0,0,1618,3,189,469,108,8,0,0,0,165,3693,0,2,1,1060,45,29,2,3,4,0,368,61,1013,19661,4532,2,24,6,0,6,0,0,783,120,2,12,25,447,13,2,0,0,3,0,0,47,9,118,364,9,0,2,5,79,2,119,2,1865,9,1,4249,0,11921,11,92,3,4,4,27,2,1790,3,20,1,36,21,231,406,7,23,40,125,0,161,0,2,0,2724,810,57,0,1,1,0,25,3,73,806,7772,0,0,0,0,0,0,0,3,0,0,0,1,1,1,11,0,0,0,0,0,0,0,4,33,0,0,0,1,0,0,0,0,3,0,0,255,1063,1279,0,2,0,0,0,0,1,19,10,0,1,37,0,2,1,28,1,0,0,0
19,7560,5993,12500,161,2509,8,0,0,9760,34,339,504,137,32,0,0,0,394,385,0,17,485,241,63,134,34,6,30,0,7699,3,1629,21173,18563,0,30,5,0,9,0,1,55,235,8,99,122,4372,62,1,0,0,16,0,5,274,82,34,2099,6,0,8,2,226,61,0,8,5370,56,0,4254,11921,0,5,178,1,10,16,76,4,301,8,2,13,60,110,8189,5627,9,24,266,183,0,28,0,1,0,649,638,521,239,4,3,0,76,0,98,1040,16340,0,0,1,0,0,0,0,10,4,1,0,1,27,4,5,0,0,0,0,0,0,3,1,71,0,1,0,0,2,3,0,0,9,0,0,412,968,2871,0,2,0,0,0,0,0,18,0,1,0,98,2,99,42,11,6,3,6,0
0,18,12,118,11,3,0,0,0,12,0,0,0,0,0,0,0,0,0,0,0,0,265,0,0,0,0,0,0,0,78,0,13,532,2,10,1,9,0,5,0,0,0,906,1625,310,494,1896,3,0,0,1,207,0,267,898,3363,0,8,237,0,12,0,779,0,0,13,61,40,0,236,11,5,0,1601,0,0,32,183,1,0,0,0,3,0,543,1211,298,0,0,2436,6473,12,0,0,0,0,0,0,0,0,0,0,0,0,0,0,0,0,0,0,0,0,0,0,0,0,0,0,1,0,0,0,0,0,0,0,0,0,0,0,0,0,0,0,0,0,0,0,0,0,0,0,0,0,0,0,0,0,0,0,0,0,0,0,0,0,0,0,0,0,0,0,0,0,0,0
839,10014,210,11273,1220,6637,1155,33,0,9766,40,2090,0,137,57,464,22,0,548,3,94,93,1578,0,1,14,47,3,78,6,143,0,24,1922,218,70,25,2249,163,297,3,108,0,18506,3951,20107,3841,5819,543,0,5,772,2712,89,346,702,941,1,14,959,18,109,166,3906,614,1,3847,139,162,4,404,92,178,1601,0,223,2148,322,470,148,6,1,1,1807,1463,8553,2724,1278,0,277,1387,7887,2395,0,0,497,0,0,0,1,2,0,4,123,0,0,1,6,34,0,0,14,203,4,0,0,0,8,10,3176,52,12,5731,0,0,0,26,1,5,3,7,0,0,8,57,0,267,43,3599,0,12,0,14,0,0,0,3,1,6684,2,94,1,1,5,0,0,0,1408,834,1460,2,12,0,1450,7,12,3
76,1317,2,1648,198,375,115,78,0,1505,2,34,0,27,9,18,2,0,50,1,9112,0,6,0,0,0,0,0,1,46,9,1,0,20,0,65,216,8480,1130,1666,73,15,28,53,1,187,0,6,4,0,15,35,1740,61,25,990,864,0,1,20,2959,623,845,1,0,9,3924,4,732,617,3,3,1,0,223,0,4906,852,801,575,0,2,32,219,141,9,20,4,0,1,1719,3771,114,0,2,0,0,0,0,0,0,0,1,136,0,0,0,0,0,0,0,3,294,0,0,0,0,1,0,60,0,1,19,0,0,0,1,0,0,0,0,0,0,0,355,0,984,0,1,0,3,0,1,0,0,0,0,0,60,28,78,0,2,1,0,0,0,527,28,0,0,0,0,2,1,2,0
175,3256,14,4020,782,1409,336,200,1,3889,7,105,0,46,37,41,4,0,86,2,9176,2,9,0,1,0,0,0,28,924,13,0,1,45,11,142,215,9141,6272,3460,172,58,21,775,5,1163,3,8,33,0,15,119,5031,238,116,1278,1616,0,1,54,775,952,3205,3,1,8,5811,5,1019,678,10,4,10,0,2148,4906,0,864,882,1914,1,2,27,2940,1306,11,15,3,0,9,2382,10208,751,0,4,2,0,0,0,0,0,0,0,807,0,0,0,0,0,0,0,8,1593,3,3,1,0,0,0,284,0,0,156,0,0,0,4,1,1,1,2,0,0,0,731,0,2170,0,22,0,3,0,7,0,0,0,0,0,262,60,398,0,2,4,0,0,0,3217,165,0,0,0,0,17,0,3,1
8,32,11,291,23,24,41,21,0,62,0,1,0,0,1,0,0,0,1,2,1333,0,2,0,0,0,0,0,0,1,17,0,10,355,2,67,164,3627,146,1220,16,22,16,1011,8,166,94,187,14,0,7,14,669,20,27,2246,742,0,4,24,71,721,18,56,0,8,512,20,886,21,131,4,16,32,322,852,864,0,2342,279,5,1,27,81,4,89,360,72,0,1,2925,3476,101,0,0,0,0,0,0,0,0,0,0,1,0,0,0,0,2,0,0,0,8,0,0,0,0,0,0,1,0,0,2,0,0,0,0,0,0,1,0,0,0,0,3,0,8,0,0,0,0,0,0,0,0,0,0,0,2,0,1,0,0,0,0,0,0,17,0,1,0,0,0,0,1,2,0
12,85,84,1389,69,69,132,88,1,140,0,7,0,9,0,3,1,0,3,2,2261,0,52,0,0,0,0,0,2,5,530,0,169,2296,76,174,62,2343,175,4674,92,47,17,1624,149,357,242,1088,6,0,7,31,486,11,46,7642,375,3,88,67,208,1468,67,346,0,3,323,224,4152,126,1339,27,76,183,470,801,882,2342,0,1088,29,1,32,79,7,306,2325,222,0,4,3679,3579,133,0,0,0,0,0,0,0,0,0,0,1,0,0,0,0,4,0,0,0,3,0,0,0,0,0,0,4,0,2,15,0,0,0,0,0,0,0,0,0,0,0,0,0,10,0,0,0,0,0,0,0,0,0,0,0,11,0,2,0,2,0,0,0,0,11,0,0,1,1,0,0,0,0,0
36,781,19,2515,133,71,2388,3747,9,1483,0,10,0,16,9,49,10,1,26,80,3264,0,0,1,44,62,4,3,34,117,7,0,1,54,24,1996,1011,981,670,6295,7241,1945,263,113,2,136,2,6,255,0,682,14,1446,64,22,2305,415,1,1,23,208,5846,6440,0,4,35,1618,5,2991,2187,14,2,4,1,148,575,1914,279,1088,0,1,48,374,983,111,10,17,6,1,36,1803,1313,144,0,0,0,0,0,0,0,0,0,1,9,0,0,0,0,4,0,0,0,9,0,9,5,1,0,0,3,0,0,12,0,1,0,0,1,0,1,0,0,0,0,1,5,68,0,0,0,0,0,3,0,0,0,0,0,10,0,2,0,0,28,0,0,0,26,23,0,0,0,0,8,2,0,0
3,3214,7571,3276,22,120,0,0,0,773,2,8,42,4,2,0,0,0,8,608,1,3,1,667,11,1,0,0,0,0,86,95,1734,2047,564,1,36,1,0,2,11,0,1332,5,1,6,22,62,2,1,0,0,5,0,1,64,53,206,161,14,0,6,3,21,2,242,0,638,9,0,2683,1790,301,0,6,0,1,5,29,1,0,4,103,1,4,3,56,14,0,0,128,38,0,31,0,3,0,219,61,0,0,0,0,0,0,0,5,24,292,0,0,0,0,0,0,0,5,0,0,0,0,1,0,0,0,0,0,0,0,0,0,1,1,0,0,0,0,0,0,0,0,0,0,0,13,43,33,0,0,0,0,0,0,0,13,0,1,0,3,0,0,0,2,0,0,0,0
5,13,4573,1028,0,0,2,1,170,2,0,5,635,30,0,0,0,215,2,368,15,0,0,229,733,104,65,72,2,0,0,0,0,4,422,80,379,0,3,8,58,20,1622,0,0,0,0,0,40,300,325,0,107,18,0,0,7,0,0,0,18,70,41,0,2,471,98,0,0,10,0,3,8,0,1,2,2,1,1,48,4,0,496,9,654,0,0,0,960,116,6,1,0,686,0,0,0,692,1727,2,1,9,1,0,0,0,0,1,739,0,17,0,0,0,0,0,166,0,0,0,0,0,4,556,143,0,1,3,0,0,0,0,0,0,0,1,0,0,0,1,8,0,0,0,0,7,8,0,1,0,0,0,0,0,0,2250,32,1,335,0,0,0,3122,16,0,0,0
14,132,3985,9413,6,9,30,1,19,44,0,32,82,22,0,25,5,14,16,1606,112,0,0,136,9,5,0,0,0,6,1,447,68,21,82,200,2258,20,8,80,742,42,16998,1,0,2,0,1,2,58,277,0,546,89,0,12,48,148,7,3,147,191,324,0,0,5440,233,33,5,131,5,20,2,0,1,32,27,27,32,374,103,496,0,5,13,1,0,0,74,0,77,30,1,197,0,0,0,290,346,2,0,1,0,0,0,0,1,5,339,0,0,0,0,0,0,0,21,0,0,14,0,0,10,68,1,0,0,0,0,0,0,0,0,0,0,0,2,0,0,0,0,0,0,0,0,10,3,0,5,0,1,0,0,0,1,193,5,5,32,0,0,0,490,2,0,0,0
190,3727,6,3009,633,1473,2136,86,0,3221,22,471,0,185,75,118,7,0,389,3,367,0,6,7,2292,2595,212,333,1892,1820,4,0,0,2,1831,29,26,878,1720,343,75,3772,7,484,7,1712,0,1,3651,0,14,92,2169,125,80,108,331,0,0,44,70,112,12832,1,70,1,2102,4,65,44,1,1,13,3,1807,219,2940,81,79,983,1,9,5,0,9445,2,1,0,43,1147,348,2454,638,0,5,1,0,6,36,14,0,0,4,1264,0,0,0,0,113,0,0,8,1942,5,3,3,0,9,0,1166,0,0,1441,1,0,1,35,3,2,0,4,0,0,0,698,5,3177,0,14,0,19,0,5,2,0,0,3,0,1100,78,442,1,8,14,0,0,0,9149,1269,3,0,0,17,202,1,22,9
68,5049,716,954,126,534,1389,40,323,1809,4,222,120,73,18,873,5,58,105,109,3,6272,0,555,10859,6194,3786,2279,2397,1521,12,0,10,31,19876,74,19,68,2299,10,54,283,23,9,2,2470,62,382,9272,58,160,8,91,3,2,4,14,1,4,2,366,11,3304,547,6555,5,282,18,5,13,9,36,60,0,1463,141,1306,4,7,111,4,654,13,9445,0,173,0,199,2104,6140,26,70,30,93,0,824,0,194,871,213,111,12,20,375,0,0,3,2,1390,0,3,7,390,0,31,47,39,1,0,164,4,124,501,61,39,0,1,1,0,1,0,0,0,0,128,1,1395,39,170,1,2,0,1,1,2,6,8,0,169,10,99,0,0,79,0,418,9,1314,1552,9,0,74,423,219,0,2,4
503,5622,684,14673,2491,6728,885,0,0,10547,13,214,16,14,8,0,0,0,37,1,2,419,9200,0,0,0,13,0,0,0,543,0,64,751,153,97,9,24,0,42,0,1,2,3484,8222,6155,15880,4239,113,0,0,3,24,2,23,329,65,3,64,1659,0,16,0,7959,312,0,1408,451,41,0,200,21,110,543,8553,9,11,89,306,10,3,0,1,2,173,0,1205,1069,0,0,410,1587,12,0,0,3431,3,0,0,0,1,0,0,0,2,0,1,4,16,0,0,1,2,0,0,0,0,1,10,383,537,30,418,0,0,1,5,0,4,4,13,0,0,10,0,0,0,777,2990,0,0,0,1,0,3,0,3,0,238,0,0,0,1,0,0,0,0,0,221,2149,3,5,0,29,13,5,3
