0,85,6,48,56,11197,3,0,0,155,703,2,0,13,22,0,0,0,62,0,0,0,0,1,10,0,0,0,5,0,2,0,0,0,0,0,0,0,0,1,0,2,0,0,0,0,1,0,0,0,0,0,15,0,0,0,0,0,0,0,0,0,0,0,0,0,0,0,0,0,0,0,0,0,1,0,0,0,0,0,0,0,0,0,0,0,0
85,0,2190,1085,715,716,326,14,0,1209,0,41,33,5,16,21,0,0,3,24,9,220,2,4,0,84,18,131,13,29,8,6,7,1,419,12,1,54,36,58,51,897,343,0,56,357,969,26,8,0,0,1,78,0,5,0,0,0,0,0,0,117,0,0,2,1,0,0,8,0,0,0,1,0,100,0,6,0,0,0,0,0,0,0,0,0,0
6,2190,0,850,1103,74,9,0,26,489,0,26,1249,75,10,0,0,34,7,0,50,93,0,0,1,2,0,2,0,1266,1,1202,1,0,198,62,82,704,0,7,47,427,23,112,1607,1478,97,7,1,5,0,0,65,0,56,3,0,0,0,0,0,0,0,33,0,265,0,0,3,10,0,1,0,0,31,2,0,79,24,314,0,0,0,0,0,0,8
48,1085,850,0,1339,759,263,49,5,1296,3,6,84,15,45,1,1,2,43,16,6,230,0,15,85,15,82,7,11,1789,58,169,42,0,10,248,88,993,25,74,9,523,91,2,640,641,286,124,31,2,5,1,607,0,15,0,0,0,0,0,0,11,0,0,0,1,0,0,0,1,0,1,0,0,10,1,0,0,0,3,0,0,0,0,0,0,3
56,715,1103,1339,0,998,11,36,1,1701,8,6,23,26,164,3,2,4,95,2,5,178,0,1,1,6,6,8,3,191,3,20,2,0,10,20,1,172,4,28,5,516,8,0,136,269,121,7,3,0,0,0,185,0,6,1,0,0,1,0,0,8,0,0,0,0,0,0,0,0,0,0,0,1,10,0,1,0,0,3,0,0,0,0,0,0,0
11197,716,74,759,998,0,28,1,0,3476,10470,775,131,639,1106,8,3,0,3481,0,0,3,0,0,2,6,1,17,3,3,0,0,0,1,2,3,0,4,2,5,4,19,16,0,0,18,26,1,0,0,0,0,111,1,4,2,0,0,0,2,0,29,1,0,12,0,0,0,7,2,0,0,0,3,11,24,9,0,2,17,9,0,4,0,0,0,9
3,326,9,263,11,28,0,258,0,363,0,8,0,0,0,20,0,0,1,12,0,0,4,268,991,10,405,225,77,52,858,3,115,474,0,0,0,0,214,0,0,0,259,0,0,0,20,126,0,0,15,0,190,0,0,0,0,0,0,0,0,57,0,0,2,0,0,0,0,0,0,0,0,0,0,0,0,0,0,0,0,0,0,0,0,0,0
0,14,0,49,36,1,258,0,0,122,0,0,0,0,0,0,0,0,0,0,0,0,0,37,21,0,89,0,0,2,4,1,17,0,0,0,0,0,0,0,0,0,1,0,0,0,0,22,0,0,17,0,7,0,0,0,0,0,0,0,0,0,0,0,0,0,0,0,0,0,0,0,0,0,0,0,0,0,0,0,0,0,0,0,0,0,0
0,0,26,5,1,0,0,0,0,2,0,0,5,0,0,0,0,5,0,0,1,0,0,0,0,0,0,0,0,37,0,67,0,0,0,0,0,0,0,0,0,0,0,35,0,0,0,0,0,0,0,0,3,0,0,0,0,0,0,0,0,0,0,5,0,15,0,0,0,0,0,0,0,0,0,0,0,1,0,0,0,0,0,0,0,0,0
155,1209,489,1296,1701,3476,363,122,2,0,6,4,9,38,113,1,4,3,175,0,3,43,0,30,8,16,22,40,7,15,8,1,12,0,29,6,0,22,25,11,7,135,57,0,6,63,90,11,1,0,1,0,109,0,0,0,0,0,0,0,0,21,0,0,0,0,0,1,0,0,0,0,0,0,10,0,2,0,0,1,1,1,0,0,0,0,3
703,0,0,3,8,10470,0,0,0,6,0,40,1,13,32,1,0,0,123,0,0,0,0,0,0,0,0,0,0,0,0,0,0,0,0,0,0,0,0,0,0,0,0,0,0,0,0,0,0,0,0,0,0,0,0,0,0,0,5,0,0,0,1,0,1,0,0,0,0,0,0,0,0,0,0,2,2,0,0,0,1,0,0,0,0,0,0
2,41,26,6,6,775,8,0,0,4,40,0,3589,1169,597,236,21,0,1473,0,0,0,0,0,0,0,0,63,0,0,0,0,0,0,0,0,0,0,1,0,33,0,3,0,0,2,2,0,0,0,0,0,2,23,4,55,0,0,3,10,2,49,1,7,1,2,6,0,1425,16,1,23,0,128,111,698,219,0,70,655,347,9,21,0,0,2,16
0,33,1249,84,23,131,0,0,5,9,1,3589,0,664,1359,34,17,28,873,0,9,12,0,0,0,0,0,0,0,12,0,92,0,0,2,9,1,15,0,1,9,5,0,48,57,220,0,0,0,4,0,0,3,2,38,54,0,0,2,1,1,2,0,819,0,1515,2,1,203,67,60,492,0,8,54,314,3,69,1666,3153,6,0,3,19,0,0,82
13,5,75,15,26,639,0,0,0,38,13,1169,664,0,1024,915,106,6,1324,0,0,0,0,0,0,0,0,7,0,0,0,1,0,0,1,0,0,0,0,0,4,0,1,0,0,1,0,0,0,0,0,0,0,35,5,43,0,1,255,24,72,15,14,2009,446,105,58,13,92,213,105,866,46,167,8,391,81,0,432,620,147,81,177,4,31,5,1054
22,16,10,45,164,1106,0,0,0,113,32,597,1359,1024,0,35,45,3,1797,0,0,0,0,0,0,0,0,2,0,0,0,0,0,0,1,0,0,0,0,0,5,1,0,0,0,0,0,0,0,0,0,0,1,3,2,17,0,0,7,7,5,5,1,54,4,6,0,0,50,16,1,77,0,13,11,314,19,0,148,318,56,0,12,0,0,0,27
0,21,0,1,3,8,20,0,0,1,1,236,34,915,35,0,365,0,379,0,0,0,0,0,1,0,1,221,0,0,17,0,0,0,0,0,0,0,2,0,0,0,4,0,0,0,1,0,0,0,0,0,0,5,0,0,3,133,2779,16,387,226,119,70,2880,0,220,422,1,0,0,0,599,0,1,0,234,0,1,0,32,127,0,0,33,0,470
0,0,0,1,2,3,0,0,0,4,0,21,17,106,45,365,0,3,143,0,0,0,0,0,0,0,0,0,0,0,0,0,0,0,0,0,0,0,0,0,0,0,0,0,0,0,0,0,0,0,0,0,0,1,0,0,0,39,66,0,141,0,0,32,18,0,61,6,0,0,0,0,0,0,0,0,0,0,0,0,0,35,0,0,91,0,61
0,0,34,2,4,0,0,0,5,3,0,0,28,6,3,0,3,0,1,0,0,0,0,0,0,0,0,0,0,8,0,17,0,0,0,0,0,0,0,0,0,0,0,7,0,0,0,0,0,0,0,0,0,0,1,0,0,0,0,0,1,0,0,105,0,278,1,0,0,0,0,0,0,0,1,0,0,31,0,5,0,0,0,0,1,0,1
62,3,7,43,95,3481,1,0,0,175,123,1473,873,1324,1797,379,143,1,0,0,0,1,0,0,0,0,0,30,0,0,0,0,0,2,0,0,0,0,0,0,7,3,2,0,0,3,0,0,0,0,0,0,2,4,3,9,1,4,19,4,10,36,2,7,40,1,10,0,81,8,1,4,11,10,18,112,50,0,10,67,36,2,6,0,4,0,20
0,24,0,16,2,0,12,0,0,0,0,0,0,0,0,0,0,0,0,0,0,3,0,0,7,989,571,8,40,0,0,0,846,0,0,4,0,0,11,91,0,157,51,0,0,0,203,804,1212,0,0,7,390,0,0,0,0,0,0,0,0,0,0,0,0,0,0,0,0,0,0,0,0,0,0,0,0,0,0,0,0,0,0,0,0,0,0
0,9,50,6,5,0,0,0,1,3,0,0,9,0,0,0,0,0,0,0,0,5,0,0,0,0,0,304,0,0,0,54,0,0,7,4,0,3,0,0,4057,0,88,371,20,817,0,0,0,0,0,0,3,0,283,0,0,0,0,0,0,0,0,0,0,1,0,0,0,1,0,0,0,0,14,0,0,16,2,221,0,0,0,0,0,0,0
0,220,93,230,178,3,0,0,0,43,0,0,12,0,0,0,0,0,1,3,5,0,0,0,0,23,2,0,0,0,0,0,0,0,0,1098,0,8,0,92,12,2554,0,0,1168,1919,154,2,62,0,0,0,75,0,25,0,0,0,0,0,0,0,0,0,0,0,0,0,0,0,0,0,0,0,27,0,0,0,0,6,0,0,0,0,0,0,0
0,2,0,0,0,0,4,0,0,0,0,0,0,0,0,0,0,0,0,0,0,0,0,0,3,4,1,70,51,0,47,0,1,0,0,0,0,0,373,0,0,0,284,0,0,0,210,2,0,0,0,0,0,0,0,0,0,0,0,0,0,13,0,0,0,0,0,0,0,0,0,0,1,0,0,0,3,0,0,0,0,0,0,0,0,0,0
1,4,0,15,1,0,268,37,0,30,0,0,0,0,0,0,0,0,0,0,0,0,0,0,158,0,50,2,0,0,2,0,2,69,0,0,0,0,0,0,0,0,0,0,0,0,0,1,0,0,4,0,2,0,0,0,0,0,0,0,0,0,0,0,0,0,0,0,0,0,0,0,0,0,0,0,0,0,0,0,0,0,0,0,0,0,0
10,0,1,85,1,2,991,21,0,8,0,0,0,0,0,1,0,0,0,7,0,0,3,158,0,188,3175,4,1978,8,1600,0,150,156,0,0,0,0,181,0,0,1,77,0,0,0,155,134,0,0,5,0,169,0,0,0,0,0,1,0,0,0,0,0,10,0,0,0,0,0,0,0,0,0,0,0,0,0,0,0,0,0,0,0,0,0,0
0,84,2,15,6,6,10,0,0,16,0,0,0,0,0,0,0,0,0,989,0,23,4,0,188,0,1401,12,1189,0,4,0,483,2,0,4,0,0,8,171,0,478,259,0,0,0,4601,214,852,0,0,14,237,0,0,0,0,0,0,0,0,1,0,0,0,0,0,0,0,0,0,0,0,0,0,0,0,0,0,0,0,0,0,0,0,0,0
0,18,0,82,6,1,405,89,0,22,0,0,0,0,0,1,0,0,0,571,0,2,1,50,3175,1401,0,6,950,8,621,2,1095,38,0,3,0,0,220,8,0,18,275,0,0,1,140,190,235,0,8,2,219,0,0,0,0,0,0,0,0,2,0,0,0,0,0,0,0,0,0,0,0,0,0,0,0,0,0,0,0,0,0,0,0,0,0
0,131,2,7,8,17,225,0,0,40,0,63,0,7,2,221,0,0,30,8,304,0,70,2,4,12,6,0,18,0,191,0,2,249,19,0,0,0,417,0,1513,0,1625,1,0,23,198,13,1,0,0,1,12,2,0,0,5,0,1,0,1,1675,1,0,121,0,0,4,63,0,0,0,96,0,52,0,812,0,0,1,35,2,2,0,0,1,6
5,13,0,11,3,3,77,0,0,7,0,0,0,0,0,0,0,0,0,40,0,0,51,0,1978,1189,950,18,0,0,215,0,149,4,0,0,0,0,783,0,0,8,215,0,0,0,724,70,30,0,0,1,58,0,0,0,0,0,0,0,0,7,0,0,2,0,0,0,0,0,0,0,0,0,0,0,6,0,0,0,0,0,0,0,0,0,0
0,29,1266,1789,191,3,52,2,37,15,0,0,12,0,0,0,0,8,0,0,0,0,0,0,8,0,8,0,0,0,0,727,11,0,0,1,994,851,0,0,0,0,0,31,798,88,0,78,0,37,0,0,948,0,0,0,0,0,0,0,0,1,0,3,0,20,0,0,0,0,0,0,0,0,0,0,0,11,0,1,0,0,0,0,0,0,0
2,8,1,58,3,0,858,4,0,8,0,0,0,0,0,17,0,0,0,0,0,0,47,2,1600,4,621,191,215,0,0,0,181,175,0,0,0,0,662,0,0,0,81,0,0,0,40,144,0,0,0,0,194,0,0,0,0,0,1,0,0,90,0,0,34,0,0,0,0,0,0,0,3,0,0,0,81,0,0,0,0,0,0,0,0,0,0
0,6,1202,169,20,0,3,1,67,1,0,0,92,1,0,0,0,17,0,0,54,0,0,0,0,0,2,0,0,727,0,0,0,0,0,0,14,1,0,0,4,0,0,176,66,295,0,0,0,31,0,0,17,0,2,0,0,0,0,0,0,0,0,2,0,51,0,0,0,0,0,0,0,0,0,0,0,54,1,5,0,0,0,0,0,0,0
0,7,1,42,2,0,115,17,0,12,0,0,0,0,0,0,0,0,0,846,0,0,1,2,150,483,1095,2,149,11,181,0,0,1,0,2,0,0,187,10,0,7,178,0,0,0,44,652,147,0,2,1,190,0,0,0,0,0,0,0,0,1,0,0,0,0,0,0,0,0,0,0,0,0,0,0,0,0,0,0,0,0,0,0,0,0,0
0,1,0,0,0,1,474,0,0,0,0,0,0,0,0,0,0,0,2,0,0,0,0,69,156,2,38,249,4,0,175,0,1,0,0,0,0,0,7,0,0,0,88,0,0,0,5,0,0,0,0,0,0,0,0,0,0,0,0,0,0,1,0,0,0,0,0,0,0,0,0,0,0,0,0,0,0,0,0,0,0,0,0,0,0,0,0
0,419,198,10,10,2,0,0,0,29,0,0,2,1,1,0,0,0,0,0,7,0,0,0,0,0,0,19,0,0,0,0,0,0,0,0,0,0,0,56,937,272,446,0,0,271,237,2,1,0,0,0,17,0,0,0,0,0,0,0,0,8,0,0,0,0,0,0,41,0,0,0,0,1,219,5,1,0,0,0,0,0,0,0,0,0,0
0,12,62,248,20,3,0,0,0,6,0,0,9,0,0,0,0,0,0,4,4,1098,0,0,0,4,3,0,0,1,0,0,2,0,0,0,0,425,0,30,0,575,0,0,651,1009,23,2,47,0,0,1,517,0,14,0,0,0,0,0,0,0,0,0,0,0,0,0,0,0,0,0,0,0,3,0,0,0,0,2,0,0,0,0,0,0,0
0,1,82,88,1,0,0,0,0,0,0,0,1,0,0,0,0,0,0,0,0,0,0,0,0,0,0,0,0,994,0,14,0,0,0,0,0,32,0,0,0,0,0,0,117,19,0,0,0,0,0,0,8,0,0,0,0,0,0,0,0,0,0,0,0,0,0,0,0,0,0,0,0,0,0,0,0,1,0,2,0,0,0,0,0,0,0
0,54,704,993,172,4,0,0,0,22,0,0,15,0,0,0,0,0,0,0,3,8,0,0,0,0,0,0,0,851,0,1,0,0,0,425,32,0,0,0,0,0,0,0,1315,305,0,0,1,0,0,0,687,0,2,0,0,0,0,0,0,0,0,0,0,0,0,0,0,0,0,0,0,0,0,0,0,1,1,4,0,0,0,0,0,0,0
0,36,0,25,4,2,214,0,0,25,0,1,0,0,0,2,0,0,0,11,0,0,373,0,181,8,220,417,783,0,662,0,187,7,0,0,0,0,0,0,0,0,759,0,0,0,338,129,0,0,0,0,59,0,0,0,0,0,0,0,0,78,0,0,2,0,0,0,0,0,0,0,0,0,0,0,18,0,0,0,0,0,0,0,0,0,0
1,58,7,74,28,5,0,0,0,11,0,0,1,0,0,0,0,0,0,91,0,92,0,0,0,171,8,0,0,0,0,0,10,0,56,30,0,0,0,0,6,3762,7,0,0,1,1369,41,2627,0,0,2,419,0,0,0,0,0,0,0,0,0,0,0,0,0,0,0,2,0,0,0,0,0,2,0,0,0,0,0,0,0,0,0,0,0,0
0,51,47,9,5,4,0,0,0,7,0,33,9,4,5,0,0,0,7,0,4057,12,0,0,0,0,0,1513,0,0,0,4,0,0,937,0,0,0,0,6,0,154,1185,51,5,1046,45,2,2,0,0,1,23,0,14,3,0,0,0,0,0,44,0,0,0,0,0,0,306,0,0,0,0,2,643,30,6,1,0,83,4,0,0,0,0,0,1
2,897,427,523,516,19,0,0,0,135,0,0,5,0,1,0,0,0,3,157,0,2554,0,0,1,478,18,0,8,0,0,0,7,0,272,575,0,0,0,3762,154,0,27,0,38,448,2684,24,1872,0,0,2,836,0,0,0,0,0,0,0,0,0,0,0,0,0,0,0,12,0,0,0,0,0,82,0,0,0,0,2,0,0,0,0,0,0,0
0,343,23,91,8,16,259,1,0,57,0,3,0,1,0,4,0,0,2,51,88,0,284,0,77,259,275,1625,215,0,81,0,178,88,446,0,0,0,759,7,1185,27,0,0,0,18,1248,298,5,0,0,10,153,0,0,0,0,0,0,0,0,459,2,0,42,0,0,0,6,0,0,0,17,0,31,0,468,0,0,0,2,0,0,0,0,0,0
0,0,112,2,0,0,0,0,35,0,0,0,48,0,0,0,0,7,0,0,371,0,0,0,0,0,0,1,0,31,0,176,0,0,0,0,0,0,0,0,51,0,0,0,7,97,0,0,0,0,0,0,1,0,21,0,0,0,0,0,0,0,0,11,0,118,0,0,0,0,0,0,0,0,0,0,0,78,3,54,0,0,0,0,0,0,0
0,56,1607,640,136,0,0,0,0,6,0,0,57,0,0,0,0,0,0,0,20,1168,0,0,0,0,0,0,0,798,0,66,0,0,0,651,117,1315,0,0,5,38,0,7,0,2075,1,1,3,5,0,0,275,0,49,0,0,0,0,0,0,0,0,0,0,0,0,0,0,0,0,0,0,0,0,0,0,19,1,25,0,0,0,0,0,0,1
0,357,1478,641,269,18,0,0,0,63,0,2,220,1,0,0,0,0,3,0,817,1919,0,0,0,0,1,23,0,88,0,295,0,0,271,1009,19,305,0,1,1046,448,18,97,2075,0,1,0,0,4,0,0,257,0,250,2,0,0,0,0,0,0,0,0,0,2,0,0,3,1,0,0,0,0,101,5,0,21,2,129,0,0,0,0,0,0,1
1,969,97,286,121,26,20,0,0,90,0,2,0,0,0,1,0,0,0,203,0,154,210,0,155,4601,140,198,724,0,40,0,44,5,237,23,0,0,338,1369,45,2684,1248,0,1,1,0,500,1178,0,0,72,1152,0,0,0,0,0,0,0,0,90,0,0,0,0,0,0,5,0,0,0,0,0,33,0,21,0,0,0,0,0,0,0,0,0,0
0,26,7,124,7,1,126,22,0,11,0,0,0,0,0,0,0,0,0,804,0,2,2,1,134,214,190,13,70,78,144,0,652,0,2,2,0,0,129,41,2,24,298,0,1,0,500,0,371,0,8,286,869,0,0,0,0,0,0,0,0,17,0,0,0,0,0,0,0,0,0,0,0,0,0,0,0,0,0,0,0,0,0,0,0,0,0
0,8,1,31,3,0,0,0,0,1,0,0,0,0,0,0,0,0,0,1212,0,62,0,0,0,852,235,1,30,0,0,0,147,0,1,47,0,1,0,2627,2,1872,5,0,3,0,1178,371,0,0,0,19,759,0,0,0,0,0,0,0,0,3,0,0,0,0,0,0,0,0,0,0,0,0,0,0,0,0,0,0,0,0,0,0,0,0,0
0,0,5,2,0,0,0,0,0,0,0,0,4,0,0,0,0,0,0,0,0,0,0,0,0,0,0,0,0,37,0,31,0,0,0,0,0,0,0,0,0,0,0,0,5,4,0,0,0,0,0,0,0,0,0,0,0,0,0,0,0,0,0,0,0,3,0,0,0,0,0,0,0,0,0,0,0,2,0,0,0,0,0,0,0,0,0
0,0,0,5,0,0,15,17,0,1,0,0,0,0,0,0,0,0,0,0,0,0,0,4,5,0,8,0,0,0,0,0,2,0,0,0,0,0,0,0,0,0,0,0,0,0,0,8,0,0,0,0,26,0,0,0,0,0,0,0,0,0,0,0,0,0,0,0,0,0,0,0,0,0,0,0,0,0,0,0,0,0,0,0,0,0,0
0,1,0,1,0,0,0,0,0,0,0,0,0,0,0,0,0,0,0,7,0,0,0,0,0,14,2,1,1,0,0,0,1,0,0,1,0,0,0,2,1,2,10,0,0,0,72,286,19,0,0,0,102,0,0,0,0,0,0,0,0,1,0,0,0,0,0,0,0,0,0,0,0,0,0,0,0,0,0,0,0,0,0,0,0,0,0
15,78,65,607,185,111,190,7,3,109,0,2,3,0,1,0,0,0,2,390,3,75,0,2,169,237,219,12,58,948,194,17,190,0,17,517,8,687,59,419,23,836,153,1,275,257,1152,869,759,0,26,102,0,0,3,0,0,0,0,0,0,22,0,0,0,0,1,0,0,1,0,0,0,0,3,0,1,0,0,0,0,0,0,0,0,0,0
0,0,0,0,0,1,0,0,0,0,0,23,2,35,3,5,1,0,4,0,0,0,0,0,0,0,0,2,0,0,0,0,0,0,0,0,0,0,0,0,0,0,0,0,0,0,0,0,0,0,0,0,0,0,0,0,0,0,10,593,118,14,15,0,34,0,735,0,23,5,0,0,46,38,0,17,118,0,0,0,214,485,534,0,0,20,245
0,5,56,15,6,4,0,0,0,0,0,4,38,5,2,0,0,1,3,0,283,25,0,0,0,0,0,0,0,0,0,2,0,0,0,14,0,2,0,0,14,0,0,21,49,250,0,0,0,0,0,0,3,0,0,1,0,0,0,0,0,493,0,0,0,26,0,0,10,2,0,1,0,0,3492,1,67,349,42,1517,0,0,1,0,0,0,0
0,0,3,0,1,2,0,0,0,0,0,55,54,43,17,0,0,0,9,0,0,0,0,0,0,0,0,0,0,0,0,0,0,0,0,0,0,0,0,0,3,0,0,0,0,2,0,0,0,0,0,0,0,0,1,0,0,0,0,23,0,0,0,0,0,0,0,0,2,477,0,19,0,42,1,1751,0,0,850,1525,34,0,51,0,0,0,10
0,0,0,0,0,0,0,0,0,0,0,0,0,0,0,3,0,0,1,0,0,0,0,0,0,0,0,5,0,0,0,0,0,0,0,0,0,0,0,0,0,0,0,0,0,0,0,0,0,0,0,0,0,0,0,0,0,0,0,1,2,36,36,0,57,0,0,0,0,0,0,0,462,0,0,0,370,0,0,0,66,0,0,0,0,0,1
0,0,0,0,0,0,0,0,0,0,0,0,0,1,0,133,39,0,4,0,0,0,0,0,0,0,0,0,0,0,0,0,0,0,0,0,0,0,0,0,0,0,0,0,0,0,0,0,0,0,0,0,0,0,0,0,0,0,36,0,7,2,0,0,1,0,1,133,0,0,0,0,0,0,0,0,0,0,0,0,0,0,0,0,3,0,1
0,0,0,0,1,0,0,0,0,0,5,3,2,255,7,2779,66,0,19,0,0,0,0,0,1,0,0,1,0,0,1,0,0,0,0,0,0,0,0,0,0,0,0,0,0,0,0,0,0,0,0,0,0,10,0,0,0,36,0,61,2128,5,2726,8,1085,0,160,645,0,0,0,0,310,0,0,0,46,0,0,0,416,103,1,0,14,0,415
0,0,0,0,0,2,0,0,0,0,0,10,1,24,7,16,0,0,4,0,0,0,0,0,0,0,0,0,0,0,0,0,0,0,0,0,0,0,0,0,0,0,0,0,0,0,0,0,0,0,0,0,0,593,0,23,1,0,61,0,853,0,293,0,14,0,843,4,14,11,0,0,0,225,0,457,203,0,0,0,2753,83,1013,0,0,11,113
0,0,0,0,0,0,0,0,0,0,0,2,1,72,5,387,141,1,10,0,0,0,0,0,0,0,0,1,0,0,0,0,0,0,0,0,0,0,0,0,0,0,0,0,0,0,0,0,0,0,0,0,0,118,0,0,2,7,2128,853,0,0,542,4,1007,0,805,66,0,0,0,0,277,3,0,3,46,0,0,0,212,47,20,0,10,0,95
0,117,0,11,8,29,57,0,0,21,0,49,2,15,5,226,0,0,36,0,0,0,13,0,0,1,2,1675,7,1,90,0,1,1,8,0,0,0,78,0,44,0,459,0,0,0,90,17,3,0,0,1,22,14,493,0,36,2,5,0,0,0,4,0,134,0,0,344,89,0,0,0,326,0,1874,0,2515,1,0,75,86,13,1,0,0,4,14
0,0,0,0,0,1,0,0,0,0,1,1,0,14,1,119,0,0,2,0,0,0,0,0,0,0,0,1,0,0,0,0,0,0,0,0,0,0,0,0,0,0,2,0,0,0,0,0,0,0,0,0,0,15,0,0,36,0,2726,293,542,4,0,0,396,0,54,55,0,0,0,0,728,0,0,1,228,0,1,0,966,38,1,0,0,1,26
0,0,33,0,0,0,0,0,5,0,0,7,819,2009,54,70,32,105,7,0,0,0,0,0,0,0,0,0,0,3,0,2,0,0,0,0,0,0,0,0,0,0,0,11,0,0,0,0,0,0,0,0,0,0,0,0,0,0,8,0,4,0,0,0,1,645,11,0,0,1,647,914,0,0,0,0,0,9,398,101,0,32,0,22,27,0,1055
0,2,0,0,0,12,2,0,0,0,1,1,0,446,4,2880,18,0,40,0,0,0,0,0,10,0,0,121,2,0,34,0,0,0,0,0,0,0,2,0,0,0,42,0,0,0,0,0,0,0,0,0,0,34,0,0,57,1,1085,14,1007,134,396,1,0,0,333,143,0,0,0,0,1278,0,0,0,110,0,0,0,76,271,0,0,0,0,646
0,1,265,1,0,0,0,0,15,0,0,2,1515,105,6,0,0,278,1,0,1,0,0,0,0,0,0,0,0,20,0,51,0,0,0,0,0,0,0,0,0,0,0,118,0,2,0,0,0,3,0,0,0,0,26,0,0,0,0,0,0,0,0,645,0,0,1,0,0,0,15,1,0,0,2,0,0,252,55,675,0,0,0,22,0,0,11
0,0,0,0,0,0,0,0,0,0,0,6,2,58,0,220,61,1,10,0,0,0,0,0,0,0,0,0,0,0,0,0,0,0,0,0,0,0,0,0,0,0,0,0,0,0,0,0,0,0,0,0,1,735,0,0,0,1,160,843,805,0,54,11,333,1,0,5,1,0,0,0,102,1,0,3,35,0,0,0,53,414,74,0,17,3,209
0,0,0,0,0,0,0,0,0,1,0,0,1,13,0,422,6,0,0,0,0,0,0,0,0,0,0,4,0,0,0,0,0,0,0,0,0,0,0,0,0,0,0,0,0,0,0,0,0,0,0,0,0,0,0,0,0,133,645,4,66,344,55,0,143,0,5,0,0,0,0,0,13,0,1,0,141,0,0,0,6,1,0,0,0,0,15
0,8,3,0,0,7,0,0,0,0,0,1425,203,92,50,1,0,0,81,0,0,0,0,0,0,0,0,63,0,0,0,0,0,0,41,0,0,0,0,2,306,12,6,0,0,3,5,0,0,0,0,0,0,23,10,2,0,0,0,14,0,89,0,0,0,0,1,0,0,1,0,0,0,48,2180,220,559,0,0,218,321,9,28,0,0,4,73
0,0,10,1,0,2,0,0,0,0,0,16,67,213,16,0,0,0,8,0,1,0,0,0,0,0,0,0,0,0,0,0,0,0,0,0,0,0,0,0,0,0,0,0,0,1,0,0,0,0,0,0,1,5,2,477,0,0,0,11,0,0,0,1,0,0,0,0,1,0,0,274,0,54,0,423,0,0,289,863,11,0,51,0,0,0,421
0,0,0,0,0,0,0,0,0,0,0,1,60,105,1,0,0,0,1,0,0,0,0,0,0,0,0,0,0,0,0,0,0,0,0,0,0,0,0,0,0,0,0,0,0,0,0,0,0,0,0,0,0,0,0,0,0,0,0,0,0,0,0,647,0,15,0,0,0,0,0,43,0,0,0,0,0,0,71,20,0,0,0,4,0,0,21
0,0,1,1,0,0,0,0,0,0,0,23,492,866,77,0,0,0,4,0,0,0,0,0,0,0,0,0,0,0,0,0,0,0,0,0,0,0,0,0,0,0,0,0,0,0,0,0,0,0,0,0,0,0,1,19,0,0,0,0,0,0,0,914,0,1,0,0,0,274,43,0,0,3,0,3,0,1,732,424,0,0,0,1,0,0,690
0,1,0,0,0,0,0,0,0,0,0,0,0,46,0,599,0,0,11,0,0,0,1,0,0,0,0,96,0,0,3,0,0,0,0,0,0,0,0,0,0,0,17,0,0,0,0,0,0,0,0,0,0,46,0,0,462,0,310,0,277,326,728,0,1278,0,102,13,0,0,0,0,0,0,0,0,1062,0,0,0,206,93,0,0,0,1,68
0,0,0,0,1,3,0,0,0,0,0,128,8,167,13,0,0,0,10,0,0,0,0,0,0,0,0,0,0,0,0,0,0,0,1,0,0,0,0,0,2,0,0,0,0,0,0,0,0,0,0,0,0,38,0,42,0,0,0,225,3,0,0,0,0,0,1,0,48,54,0,3,0,0,9,3128,3,0,3,2,979,5,2654,0,0,1,592
1,100,31,10,10,11,0,0,0,10,0,111,54,8,11,1,0,1,18,0,14,27,0,0,0,0,0,52,0,0,0,0,0,0,219,3,0,0,0,2,643,82,31,0,0,101,33,0,0,0,0,0,3,0,3492,1,0,0,0,0,0,1874,0,0,0,2,0,1,2180,0,0,0,0,9,0,147,995,55,3,1544,31,0,6,0,0,2,12
0,0,2,1,0,24,0,0,0,0,2,698,314,391,314,0,0,0,112,0,0,0,0,0,0,0,0,0,0,0,0,0,0,0,5,0,0,0,0,0,30,0,0,0,0,5,0,0,0,0,0,0,0,17,1,1751,0,0,0,457,3,0,1,0,0,0,3,0,220,423,0,3,0,3128,147,0,8,0,48,508,1179,1,1335,0,0,0,417
0,6,0,0,1,9,0,0,0,2,2,219,3,81,19,234,0,0,50,0,0,0,3,0,0,0,0,812,6,0,81,0,0,0,1,0,0,0,18,0,6,0,468,0,0,0,21,0,0,0,0,0,1,118,67,0,370,0,46,203,46,2515,228,0,110,0,35,141,559,0,0,0,1062,3,995,8,0,1,0,15,1430,375,43,0,0,41,147
0,0,79,0,0,0,0,0,1,0,0,0,69,0,0,0,0,31,0,0,16,0,0,0,0,0,0,0,0,11,0,54,0,0,0,0,1,1,0,0,1,0,0,78,19,21,0,0,0,2,0,0,0,0,349,0,0,0,0,0,0,1,0,9,0,252,0,0,0,0,0,1,0,0,55,0,1,0,6,338,0,0,0,0,0,0,0
0,0,24,0,0,2,0,0,0,0,0,70,1666,432,148,1,0,0,10,0,2,0,0,0,0,0,0,0,0,0,0,1,0,0,0,0,0,1,0,0,0,0,0,3,1,2,0,0,0,0,0,0,0,0,42,850,0,0,0,0,0,0,1,398,0,55,0,0,0,289,71,732,0,3,3,48,0,6,0,2368,0,0,1,9,0,0,113
0,0,314,3,3,17,0,0,0,1,0,655,3153,620,318,0,0,5,67,0,221,6,0,0,0,0,0,1,0,1,0,5,0,0,0,2,2,4,0,0,83,2,0,54,25,129,0,0,0,0,0,0,0,0,1517,1525,0,0,0,0,0,75,0,101,0,675,0,0,218,863,20,424,0,2,1544,508,15,338,2368,0,3,0,0,6,0,0,162
0,0,0,0,0,9,0,0,0,1,1,347,6,147,56,32,0,0,36,0,0,0,0,0,0,0,0,35,0,0,0,0,0,0,0,0,0,0,0,0,4,0,2,0,0,0,0,0,0,0,0,0,0,214,0,34,66,0,416,2753,212,86,966,0,76,0,53,6,321,11,0,0,206,979,31,1179,1430,0,0,3,0,289,1399,0,0,53,441
0,0,0,0,0,0,0,0,0,1,0,9,0,81,0,127,35,0,2,0,0,0,0,0,0,0,0,2,0,0,0,0,0,0,0,0,0,0,0,0,0,0,0,0,0,0,0,0,0,0,0,0,0,485,0,0,0,0,103,83,47,13,38,32,271,0,414,1,9,0,0,0,93,5,0,1,375,0,0,0,289,0,367,0,9,326,672
0,0,0,0,0,4,0,0,0,0,0,21,3,177,12,0,0,0,6,0,0,0,0,0,0,0,0,2,0,0,0,0,0,0,0,0,0,0,0,0,0,0,0,0,0,0,0,0,0,0,0,0,0,534,1,51,0,0,1,1013,20,1,1,0,0,0,74,0,28,51,0,0,0,2654,6,1335,43,0,1,0,1399,367,0,0,0,24,1308
0,0,0,0,0,0,0,0,0,0,0,0,19,4,0,0,0,0,0,0,0,0,0,0,0,0,0,0,0,0,0,0,0,0,0,0,0,0,0,0,0,0,0,0,0,0,0,0,0,0,0,0,0,0,0,0,0,0,0,0,0,0,0,22,0,22,0,0,0,0,4,1,0,0,0,0,0,0,9,6,0,0,0,0,0,0,0
0,0,0,0,0,0,0,0,0,0,0,0,0,31,0,33,91,1,4,0,0,0,0,0,0,0,0,0,0,0,0,0,0,0,0,0,0,0,0,0,0,0,0,0,0,0,0,0,0,0,0,0,0,0,0,0,0,3,14,0,10,0,0,27,0,0,17,0,0,0,0,0,0,0,0,0,0,0,0,0,0,9,0,0,0,0,179
0,0,0,0,0,0,0,0,0,0,0,2,0,5,0,0,0,0,0,0,0,0,0,0,0,0,0,1,0,0,0,0,0,0,0,0,0,0,0,0,0,0,0,0,0,0,0,0,0,0,0,0,0,20,0,0,0,0,0,11,0,4,1,0,0,0,3,0,4,0,0,0,1,1,2,0,41,0,0,0,53,326,24,0,0,0,84
0,0,8,3,0,9,0,0,0,3,0,16,82,1054,27,470,61,1,20,0,0,0,0,0,0,0,0,6,0,0,0,0,0,0,0,0,0,0,0,0,1,0,0,0,1,1,0,0,0,0,0,0,0,245,0,10,1,1,415,113,95,14,26,1055,646,11,209,15,73,421,21,690,68,592,12,417,147,0,113,162,441,672,1308,0,179,84,0
