0,178,38,44,97,20735,7,11,0,729,6617,43,11,21,63,2,4,0,123,0,249,4,0,0,0,0,0,0,0,1,0,0,0,1,44,0,0,5,2,363,625,393,5,1,0,1,0,22,0,0,0,0,1,0,0,89,9,0,0,13,32,1,35,1,0,0,2,1,3,66,0,0,0,0,4,70,29,44,133,142,0,0,0,23,13,0,0,1,0,1,54,30,0,0,2,0,1,0,0,0,0,0,0,0,1,4,2,5,48,0,0,0,0,0,3,1,1,0,0,0,2,7,0,0,0,0,0,0,0,0,0,0,0,0,6,0,4,0,0,0,0,0,0,0,0,0,0,0,0,0,0,0,0,0,0,0,0,3,4,0,1,0,0,0,0,0,0
178,0,4973,1823,869,450,2680,112,23,1815,50,268,10,4,4,134,0,0,29,2,15,46,5,5,3,52,23,2,2,12,3,10,38,23,114,61,4,5,11,4,10,14,8,18,40,155,29,53,28,0,151,0,4,1,8,22,1,83,102,244,16,110,1701,1129,184,15,238,896,36,84,203,9,420,26,946,141,459,28,27,357,13,2,33,412,789,585,13,119,1,173,56,227,29,0,0,8,0,0,5,4,12,0,0,6,4,0,0,6,28,1,0,0,2,0,2,1,0,4,13,21,7,4,10,0,293,0,7,1,0,1,1,0,0,0,4,2,68,3,438,0,2,0,0,0,0,4,2,0,9,0,0,0,0,11,0,0,0,200,376,8,0,2,0,130,0,1,0
38,4973,0,927,662,97,42,9,220,523,3,27,1895,32,3,0,1,108,40,341,8,30,5,183,216,133,20,0,0,1,280,67,482,2839,2145,51,23,0,1,2,2,23,590,2,5,3,8,100,0,42,19,0,0,2,0,1,3,169,423,21,0,3,72,811,46,47,38,495,11,7,1570,466,793,0,44,0,1,15,134,275,504,452,940,2,698,64,1074,349,196,5,139,55,1,104,0,3,4,122,112,4,10,0,0,0,250,1,129,1159,784,1,2,0,0,0,0,0,53,1,1,4,9,139,2,18,68,0,1,0,0,1,0,0,1,0,0,6,0,3,64,0,0,3,0,0,19,37,98,0,0,0,0,0,0,0,11,136,35,0,151,0,30,3,88,1,1,1,0
44,1823,927,0,806,255,265,130,31,1686,49,15,41,11,25,15,3,4,54,58,23,10,139,140,31,121,21,0,1,8,92,158,475,221,2209,345,419,18,7,11,18,19,313,10,251,45,52,57,5,0,94,1,84,12,19,40,9,320,170,663,5,121,736,1199,28,267,700,1037,48,47,250,220,1159,7,833,106,330,275,60,426,130,55,457,92,76,889,227,441,4,6,193,445,20,0,1,1,2,3,6,5,21,0,0,0,23,0,1,46,48,2,1,1,0,0,1,0,0,1,1,3,1,8,0,0,3,0,6,0,0,1,3,0,0,1,0,17,3,0,1,0,0,0,0,0,2,11,8,0,0,0,0,0,1,13,0,0,0,18,76,1,1,0,0,5,0,0,0
97,869,662,806,0,1318,86,145,23,1578,34,5,2,27,24,26,8,2,22,6,2,7,15,26,0,11,3,0,0,1,3,26,60,26,198,1,14,7,4,2,3,9,72,0,22,15,18,66,1,0,18,0,2,0,3,17,1,45,12,115,3,72,335,703,11,22,13,76,8,17,32,14,208,1,441,54,313,61,6,94,18,1,58,67,4,359,15,173,0,3,14,97,4,0,0,0,1,0,0,1,3,0,0,0,3,0,0,0,9,0,0,0,0,0,2,1,2,0,0,1,2,8,2,0,6,0,0,0,0,13,2,0,1,1,1,116,6,0,1,0,0,0,5,0,0,0,1,0,0,0,0,0,1,12,0,1,0,12,31,1,0,0,0,3,1,0,0
20735,450,97,255,1318,0,91,73,1,6388,21104,840,106,144,1307,28,116,0,6251,3,1,8,2,3,0,3,7,1,1,1,1,8,25,18,321,0,1,2,8,4,4,102,30,4,0,11,10,56,11,0,1,0,1,0,0,2,2,1,0,9,1,7,180,35,2,0,11,15,5,1,4,3,11,0,80,7,52,21,11,10,0,0,2,26,226,19,0,44,0,9,9,36,2,5,1,19,7,12,0,5,9,0,2,1,11,5,11,27,338,0,1,3,0,0,6,46,17,4,1,8,4,49,6,0,0,2,5,1,2,4,13,0,0,4,4,16,335,7,154,0,2,0,1,1,0,0,7,0,17,0,36,0,2,3,1,0,4,101,451,43,1,12,0,15,2,52,0
7,2680,42,265,86,91,0,185,2,762,0,74,3,18,10,106,8,1,14,6,11,0,0,2,1,0,0,1,17,18,1,3,3,4,7,30,15,5,4,45,77,1143,25,2,0,7,0,0,8,0,30,0,33,7,1,300,40,0,0,12,5,683,774,28,1,0,295,2,358,20,0,1,3,0,69,26,53,42,340,1154,2,4,15,112,245,15,0,3,5,5,295,230,20,0,0,0,0,1,0,0,0,0,0,2,1,0,0,0,5,0,0,0,0,0,10,8,2,3,0,2,0,1,1,0,7,0,0,4,0,1,1,0,0,0,3,5,87,0,1,0,0,0,2,1,0,0,0,0,5,0,0,0,0,17,0,0,0,2,75,1,0,0,0,6,0,0,0
11,112,9,130,145,73,185,0,7,509,0,0,0,5,13,1,3,0,7,1,0,0,0,0,0,0,0,0,0,0,0,0,0,0,0,88,7,0,0,3,0,130,1,0,0,1,0,0,0,0,91,0,14,30,0,7,5,0,0,2,0,356,31,0,0,0,86,0,11,1,0,6,0,0,1,3,0,7,11,116,0,6,2,0,1,0,0,0,0,0,10,18,0,0,0,0,0,0,0,0,0,0,0,0,0,0,0,0,0,0,0,0,0,0,0,1,0,0,0,0,0,0,0,0,3,0,0,0,0,0,0,0,0,0,1,5,0,0,0,0,0,0,0,0,0,0,0,0,0,0,0,0,0,1,0,0,0,5,0,0,0,0,0,0,0,0,0
0,23,220,31,23,1,2,7,0,3,0,0,33,0,0,2,0,74,0,0,0,0,0,0,20,2,2,0,0,0,0,0,0,0,1,10,4,0,0,0,0,17,10,0,0,0,0,0,0,0,85,0,0,1,0,0,0,0,0,0,0,0,6,0,0,3,2,0,1,0,0,0,0,0,0,0,0,0,14,5,0,149,1,0,138,0,0,0,2,0,20,0,0,3,0,0,0,1,0,0,0,0,0,0,0,0,0,0,1,0,0,0,0,0,0,0,0,0,0,0,0,0,0,0,52,0,0,0,0,0,0,0,0,0,0,1,0,0,0,0,0,0,0,0,0,0,0,0,0,0,0,0,0,2,0,42,2,0,7,0,0,0,2,0,0,0,0
729,1815,523,1686,1578,6388,762,509,3,0,118,31,20,16,50,22,16,2,150,0,5,3,0,10,1,13,13,0,1,2,3,6,14,10,86,11,1,5,4,2,5,8,34,3,3,11,2,20,2,14,81,0,2,0,0,30,0,4,8,15,5,132,942,314,28,13,69,164,15,54,27,2,383,0,207,65,179,72,10,167,3,0,8,88,34,76,4,113,0,23,44,70,1,1,1,3,0,0,1,0,4,0,0,1,4,0,1,1,15,0,0,0,0,0,0,1,3,0,0,6,0,8,0,1,5,1,1,0,1,5,1,0,0,0,0,34,1,0,4,0,0,0,6,0,0,1,2,0,0,1,0,0,2,36,0,0,0,14,103,0,0,0,0,3,1,1,0
6617,50,3,49,34,21104,0,0,0,118,0,172,16,8,33,6,5,0,567,0,0,0,0,1,0,1,0,0,0,0,0,1,2,1,20,0,0,0,0,1,5,2,0,0,0,0,1,0,0,0,0,0,0,0,0,0,0,0,0,0,0,0,5,3,0,0,1,0,0,0,0,0,0,0,0,0,0,0,0,0,0,0,0,1,16,0,0,0,0,1,0,0,0,1,24,7,0,0,0,0,0,0,0,0,1,0,1,0,21,0,0,0,9,67,479,219,0,1,0,1,0,12,3,0,0,0,0,0,1,7,0,0,0,0,280,0,77,1,1,0,0,0,1,17,0,0,0,0,0,18,0,0,21,106,0,0,0,4,29,1,0,1,0,1,0,6,0
43,268,27,15,5,840,74,0,0,31,172,0,6121,1560,785,2440,163,21,2599,0,0,4,0,0,0,4,9,2,1,0,0,0,1,7,13,2,0,3,1,0,1,2,0,0,3,25,5,1,12,0,1,1,0,0,0,4,2,0,0,31,0,1,36,1,81,0,6,5,1,0,0,0,2,0,50,0,1,0,6,11,0,0,1,49,397,10,0,4,0,66,7,26,17,0,2,61,5,13,14,159,99,0,3,2,8,12,51,19,167,34,5,2,9,1,3,8,21,8,17,45,15,56,76,0,422,0,14,2,15,12,11,1,2,260,7,43,470,678,787,0,233,48,22,0,15,25,145,10,718,5,101,3,4,86,1,0,3,338,328,353,2,64,1,457,4,65,0
11,10,1895,41,2,106,3,0,33,20,16,6121,0,1115,402,41,23,60,634,10,0,1,0,8,21,19,1,0,0,0,2,0,0,30,81,0,2,0,0,0,0,0,0,0,0,0,0,2,0,0,4,0,10,0,0,0,0,0,0,2,0,0,2,28,4,0,1,12,0,0,63,66,313,0,8,0,0,0,0,3,0,4,20,0,568,0,21,23,11,0,2,5,4,182,12,27,12,687,720,278,31,1,0,0,380,224,1026,1882,2306,40,32,3,0,6,0,28,755,2,3,0,8,295,1,134,42,0,1,59,0,1,2,31,33,67,1,1,110,295,84,89,26,248,24,4,232,279,523,0,10,6,3,4,42,333,128,165,379,2,419,21,85,332,104,9,0,20,1
21,4,32,11,27,144,18,5,0,16,8,1560,1115,0,547,361,261,73,1882,0,0,0,0,1,0,14,3,0,0,0,0,0,1,4,73,0,0,0,0,0,4,0,0,0,0,0,0,0,2,0,2,0,1,0,1,0,0,0,0,1,0,3,5,3,0,0,1,0,3,0,2,3,0,0,2,0,0,1,4,3,0,1,0,17,44,0,0,0,0,1,0,0,0,64,25,26,177,204,18,272,138,0,0,4,265,258,1129,204,2114,233,458,10,8,0,22,62,507,9,52,27,54,107,2,7,40,8,95,278,26,44,129,147,50,1099,35,248,1210,1184,302,598,381,1298,56,65,91,41,593,19,510,56,226,12,47,755,34,250,298,276,70,1161,65,295,4,39,58,608,5
63,4,3,25,24,1307,10,13,0,50,33,785,402,547,0,149,160,23,1347,0,0,0,0,1,0,1,1,0,0,0,0,2,0,2,2,0,0,0,0,0,1,0,0,0,0,1,0,0,0,0,2,0,0,0,0,0,0,0,0,0,0,1,5,1,0,0,1,2,0,0,0,1,0,0,1,0,0,0,1,6,0,0,0,31,92,0,0,0,0,0,0,1,1,27,1,11,34,26,1,36,19,0,0,8,22,37,104,29,137,1,1,4,12,1,6,5,94,5,7,10,22,79,2,5,4,0,13,5,5,40,87,11,5,10,10,41,618,520,149,1,105,23,26,7,37,15,216,3,343,19,186,1,4,114,17,1,15,400,11,163,2,133,0,13,6,85,0
2,134,0,15,26,28,106,1,2,22,6,2440,41,361,149,0,286,35,637,0,0,1,0,0,0,0,0,0,1,1,1,0,1,3,18,0,0,2,0,0,10,8,0,0,0,2,0,0,0,0,4,1,0,0,0,3,0,0,1,1,1,0,134,0,1,0,2,0,2,2,0,0,0,0,14,0,4,1,6,14,0,0,0,45,179,0,0,0,0,0,0,0,0,15,26,1,0,86,0,0,0,0,27,20,10,35,66,8,52,31,11,2,11,45,121,970,162,6,0,6,0,0,2,0,17,0,58,101,0,189,169,14,1,10,30,644,1102,1,0,27,334,11,435,64,3,3,0,0,113,25,26,60,169,1097,8,3,29,209,276,1,0,0,0,7,112,440,0
4,0,1,3,8,116,8,3,0,16,5,163,23,261,160,286,0,7,509,0,0,0,0,0,0,0,0,0,0,0,0,0,0,0,0,0,0,0,0,0,0,0,0,0,0,0,0,0,0,0,0,0,0,0,0,0,0,0,0,0,0,1,2,0,0,0,1,0,0,0,0,0,0,0,0,0,0,0,0,1,0,0,0,5,1,0,0,0,0,0,0,0,0,8,2,0,0,7,1,0,0,0,0,0,0,1,1,0,4,53,32,0,0,0,0,291,166,1,0,0,0,0,0,0,7,0,52,293,0,27,10,1,0,0,1,473,95,0,0,2,77,0,86,0,0,0,0,0,1,0,11,0,2,37,1,61,80,6,0,0,0,0,0,0,69,89,0
0,0,108,4,2,0,1,0,74,2,0,21,60,73,23,35,7,0,6,0,0,0,0,0,2,0,0,0,0,0,0,0,0,0,0,0,0,0,0,0,0,2,0,0,0,0,0,0,0,0,2,0,0,0,0,0,0,0,0,0,0,0,1,0,0,0,0,0,1,0,0,0,0,0,0,0,0,0,0,3,0,23,0,0,46,0,0,0,0,0,1,0,0,0,0,0,0,0,13,0,1,0,0,0,0,0,0,0,0,0,27,0,0,0,0,7,27,0,0,0,0,0,1,10,83,0,0,19,0,0,0,0,0,0,0,38,14,0,0,0,0,0,3,0,0,0,0,0,0,0,0,0,1,48,0,119,1,1,32,0,0,0,4,0,0,0,0
123,29,40,54,22,6251,14,7,0,150,567,2599,634,1882,1347,637,509,6,0,0,0,1,0,0,0,2,13,0,0,0,0,0,0,4,11,0,0,1,1,0,0,3,0,0,0,1,0,2,3,0,9,0,0,0,0,0,0,0,0,0,0,1,5,0,0,0,5,0,0,0,0,0,0,0,5,0,0,0,2,2,0,0,0,33,214,0,1,0,0,1,1,1,0,3,5,6,46,9,0,113,60,0,2,2,23,9,35,14,154,9,0,2,5,3,3,18,92,4,5,7,4,109,5,9,38,0,10,15,3,22,49,8,1,8,8,108,1036,113,180,1,77,7,26,3,7,0,208,1,168,2,101,1,13,132,2,0,1,272,46,64,1,37,0,51,16,73,1
0,2,341,58,6,3,6,1,0,0,0,0,10,0,0,0,0,0,0,0,0,0,0,367,272,0,0,0,0,0,0,0,10,154,232,8,3,0,0,0,1,1,480,0,0,0,0,0,0,4,7,0,0,0,0,0,0,49,0,0,1,0,1,0,1,54,15,22,9,0,221,984,35,0,0,2,0,6,24,17,264,9,611,0,9,0,1,0,113,0,11,3,0,4,0,0,0,7,17,1,0,0,0,0,0,0,0,0,1,0,0,0,0,0,0,0,0,0,0,0,0,0,0,0,0,0,0,0,0,0,0,0,0,0,0,0,0,0,0,0,0,0,0,0,0,1,1,0,0,0,0,0,0,0,0,0,1,0,13,0,0,0,4,0,0,0,0
249,15,8,23,2,1,11,0,0,5,0,0,0,0,0,0,0,0,0,0,0,0,0,2,0,0,0,0,0,34,0,1,2,1,2,1,0,2242,133,1718,367,0,2,5,0,1,0,0,1,0,0,0,13,0,0,474,27,0,0,0,1308,2,422,0,0,0,20,0,18,863,0,0,0,0,107,2637,1301,1058,1098,920,0,0,3,27,4,0,0,0,1,0,668,349,2,0,0,0,0,1,0,0,0,0,0,0,0,0,0,0,0,0,0,0,0,0,0,0,0,0,0,1,0,0,0,0,0,0,0,0,0,0,0,0,0,0,0,0,2,0,0,0,0,0,0,0,0,0,0,0,0,0,0,0,0,1,0,0,0,12,0,0,0,0,0,0,0,0,0
4,46,30,10,7,8,0,0,0,3,0,4,1,0,0,1,0,0,1,0,0,0,0,0,0,2,180,3,0,0,0,0,1,0,1025,0,0,0,0,0,0,0,0,2,0,927,359,418,722,0,0,0,0,0,0,0,0,0,0,9,0,0,0,2451,1444,0,0,0,0,0,0,0,0,0,227,0,0,0,0,0,0,0,0,2,92,643,0,132,0,20,0,8,0,0,0,131,0,0,0,0,29,0,2,0,0,0,0,0,7,0,0,0,0,0,0,0,0,0,0,2,3,6,7,0,0,0,0,0,0,1,1,0,0,0,0,0,0,4,80,0,0,0,0,0,0,0,0,0,0,0,0,0,0,0,0,0,0,0,44,3,0,0,0,10,1,0,0
0,5,5,139,15,2,0,0,0,0,0,0,0,0,0,0,0,0,0,0,0,0,0,0,0,0,0,0,0,0,616,0,1,3,2,353,137,0,0,0,0,0,0,0,1186,0,610,271,1,0,0,39,288,1,35,0,4,0,0,281,0,0,0,919,2,0,23,1421,0,0,5,0,74,0,55,0,0,3,0,0,0,0,0,0,0,1282,392,69,0,0,3,143,11,0,0,0,0,0,0,0,0,0,0,0,0,0,0,0,0,0,0,0,0,0,0,0,0,0,0,0,0,0,0,0,0,0,0,0,0,0,0,0,0,0,0,0,0,0,0,0,0,0,0,0,0,0,0,0,0,0,0,0,0,0,0,0,0,0,0,0,0,0,0,0,0,0,0
0,5,183,140,26,3,2,0,0,10,1,0,8,1,1,0,0,0,0,367,2,0,0,0,109,7,7,0,0,0,0,0,0,94,561,5,6,0,0,0,0,0,18,0,0,0,0,0,0,2,2,0,0,0,0,0,0,3,0,0,1,0,0,0,0,56,25,22,2,1,52,261,22,0,0,1,0,4,43,19,65,0,102,2,41,0,1,0,98,0,8,10,0,3,0,0,0,6,48,0,0,0,0,0,0,0,0,0,10,0,0,0,0,0,0,0,2,0,0,0,0,0,0,1,0,0,0,0,0,0,0,0,0,0,0,0,0,0,0,0,0,0,0,0,0,7,0,0,0,0,0,0,0,0,0,0,0,0,25,0,0,0,6,0,0,0,0
0,3,216,31,0,0,1,0,20,1,0,0,21,0,0,0,0,2,0,272,0,0,0,109,0,851,823,295,2,0,1,2,2,139,3313,2,0,0,0,0,0,0,7,0,0,0,0,0,5,0,61,0,1,0,0,0,0,5,37,1,0,0,0,1,152,136,0,57,0,0,90,241,344,0,0,0,0,0,0,0,5,21,173,0,2256,0,6,0,401,285,0,0,0,15,0,0,0,69,128,17,4,0,0,0,0,1,2,45,111,0,0,0,0,0,0,0,3,0,0,0,0,0,0,2,1,0,0,0,0,0,0,0,0,0,0,0,0,0,1,0,0,0,0,0,2,16,37,0,0,0,0,0,0,0,0,5,2,0,38,0,0,0,14,0,0,0,0
0,52,133,121,11,3,0,0,2,13,1,4,19,14,1,0,0,0,2,0,0,2,0,7,851,0,1202,62,11,0,15,0,4,78,2813,0,9,0,0,0,0,1,0,0,0,0,0,0,15,0,1,0,0,0,0,0,0,0,0,1,0,0,1,9,301,0,1,40,0,0,32,4,705,0,0,0,0,0,0,1,0,1,0,1,763,0,70,6,14,453,0,0,0,3,0,0,0,0,16,90,6,0,0,0,1,0,4,16,93,0,0,0,0,0,0,0,0,0,0,0,0,0,0,0,0,0,0,0,0,0,0,0,0,0,0,0,0,0,0,0,0,0,0,0,1,2,0,0,0,0,0,0,0,0,0,0,0,0,84,0,0,0,0,0,0,0,0
0,23,20,21,3,7,0,0,2,13,0,9,1,3,1,0,0,0,13,0,0,180,0,7,823,1202,0,599,10,4,1,0,0,2,2317,0,0,0,0,0,0,3,0,0,0,7,0,36,1022,0,0,0,0,0,0,0,0,0,0,1,0,0,0,146,850,0,0,4,0,0,3,0,255,0,128,0,7,0,0,0,0,1,0,18,808,25,53,191,34,730,0,0,0,0,0,20,0,3,3,3,69,2,2,0,3,0,7,13,290,0,0,0,0,0,0,0,0,0,0,0,0,0,0,0,0,0,0,0,0,0,0,0,1,0,0,0,1,0,2,0,0,0,0,0,1,0,0,0,0,0,0,0,0,0,0,0,0,0,77,0,0,1,0,0,0,0,0
0,2,0,0,0,1,1,0,0,0,0,2,0,0,0,0,0,0,0,0,0,3,0,0,295,62,599,0,70,5,0,0,0,0,120,0,0,0,0,0,0,37,0,0,0,1,0,2,625,0,0,0,0,0,0,0,0,0,0,5,0,0,15,9,95,0,0,0,0,0,0,0,1,0,40,3,1,3,0,1,0,1,0,91,1218,1,57,0,16,639,0,6,1,0,0,0,0,0,1,0,3,0,0,0,0,0,0,0,1,0,0,0,0,0,0,0,0,0,0,0,0,0,1,0,0,0,0,0,0,0,0,0,0,0,0,0,1,0,1,0,0,0,0,0,0,0,0,0,0,0,0,0,0,0,0,0,0,0,12,0,0,0,0,0,0,0,0
0,2,0,1,0,1,17,0,0,1,0,1,0,0,0,1,0,0,0,0,0,0,0,0,2,11,10,70,0,1,0,0,0,0,9,0,0,0,0,0,1,24,0,0,0,1,0,0,76,0,0,0,0,0,0,0,0,0,0,0,0,0,58,0,1,0,0,0,1,9,0,0,0,0,8,6,3,0,0,3,0,0,0,192,1040,0,0,0,0,144,1,3,0,0,0,0,0,0,0,0,0,0,0,3,0,0,0,0,0,0,0,0,0,0,0,0,0,0,0,0,0,0,0,0,0,0,0,0,0,0,0,0,0,0,0,0,2,0,13,0,0,0,0,0,0,0,0,0,0,0,0,0,0,0,0,0,0,1,8,0,0,0,0,11,0,0,0
1,12,1,8,1,1,18,0,0,2,0,0,0,0,0,1,0,0,0,0,34,0,0,0,0,0,4,5,1,0,0,1,1,0,1,0,0,22,2005,0,590,1,0,1,0,60,0,0,227,0,0,0,2,1,0,0,0,0,0,1,159,1,3232,0,1,0,0,0,5,40,0,0,0,0,24,181,1674,21,2,408,0,0,1,1916,168,0,0,0,0,118,0,29,3,0,0,0,0,0,0,0,0,0,0,115,0,0,0,0,0,0,0,0,18,0,16,0,0,0,0,1,0,0,0,0,0,0,0,0,0,0,0,0,0,0,14,0,205,0,0,0,0,0,0,0,0,0,0,0,0,0,9,0,0,7,0,0,0,42,24,0,0,0,0,2,0,0,0
0,3,280,92,3,1,1,0,0,3,0,0,2,0,0,1,0,0,0,0,0,0,616,0,1,15,1,0,0,0,0,1,288,157,61,4,75,0,0,0,0,0,1,1,68,0,1,141,0,0,0,0,50,6,44,2,18,1,606,1504,0,1,0,82,0,1,7,1855,1,0,1254,18,1519,2,12,0,0,1,2,0,0,0,0,0,0,232,1732,31,0,0,26,671,41,0,0,0,0,0,0,0,0,0,0,0,1,0,0,3,1,0,0,0,0,0,0,0,0,0,0,0,0,0,0,0,0,0,0,0,0,0,0,0,0,0,0,0,0,0,0,0,0,0,0,0,0,0,0,0,0,0,0,0,0,0,0,0,0,0,0,0,0,0,0,0,0,1,0
0,10,67,158,26,8,3,0,0,6,1,0,0,0,2,0,0,0,0,0,1,0,0,0,2,0,0,0,0,1,1,0,90,0,1,25,144,0,0,0,1,0,130,0,1,1,0,0,0,0,0,0,2,0,1,0,0,302,12,71,0,0,1,0,0,249,69,216,7,0,22,2,1,0,0,1,0,18,58,4,134,0,74,1,0,0,0,0,0,0,56,40,0,0,0,0,0,0,0,0,0,0,0,0,0,0,0,0,0,0,0,0,0,0,0,0,0,0,0,0,0,0,0,0,0,0,0,0,0,0,0,0,0,0,0,0,0,0,0,0,0,0,0,0,0,0,0,0,0,0,0,0,0,0,0,0,0,0,0,0,0,0,0,0,0,0,0
0,38,482,475,60,25,3,0,0,14,2,1,0,1,0,1,0,0,0,10,2,1,1,0,2,4,0,0,0,1,288,90,0,256,38,21,177,0,1,0,0,0,33,0,3,1,1,1,0,0,0,0,13,0,10,9,18,408,889,783,8,0,3,3,0,39,170,1223,10,2,2387,71,319,1,2,0,1,11,54,2,257,0,55,0,16,4,117,1,0,0,100,270,34,0,0,0,0,0,1,0,0,0,0,0,1,0,0,0,9,0,0,0,0,0,0,0,0,0,0,0,0,0,0,0,0,0,0,0,0,0,0,0,0,0,0,0,0,0,0,0,0,0,0,0,0,0,1,0,0,0,0,0,0,0,0,0,0,0,6,0,0,0,0,0,0,0,0
1,23,2839,221,26,18,4,0,0,10,1,7,30,4,2,3,0,0,4,154,1,0,3,94,139,78,2,0,0,0,157,0,256,0,1075,3,2,0,0,0,0,0,59,18,12,10,12,419,1,0,0,0,4,0,0,15,16,35,34,112,0,0,1,426,1,17,35,222,1,0,6957,4926,6757,5,1129,0,0,112,53,5,261,0,17,1,21,475,2505,1034,3,0,47,1396,0,1,0,0,0,3,16,4,1,0,0,0,1,0,2,34,30,0,0,0,0,0,0,0,0,0,0,0,0,1,0,0,0,0,0,0,1,0,0,0,0,0,0,0,0,0,0,0,0,0,0,0,1,3,9,0,0,0,0,0,0,0,0,0,0,0,38,1,0,0,2,0,0,1,0
44,114,2145,2209,198,321,7,0,1,86,20,13,81,73,2,18,0,0,11,232,2,1025,2,561,3313,2813,2317,120,9,1,61,1,38,1075,0,18,21,2,9,0,1,2,10,1,1,32,8,372,17,1,0,0,3,0,3,2,2,8,14,64,0,0,4,568,1254,19,159,593,2,3,1276,959,14121,0,250,2,3,14,23,19,34,3,13,9,2353,119,748,3636,280,685,18,58,1,3,0,44,0,20,200,100,269,0,0,0,5,0,1,37,466,0,1,1,0,0,0,0,0,0,0,0,2,17,2,1,1,0,0,0,0,0,0,0,0,2,0,0,1,10,32,0,0,2,0,0,6,6,39,0,1,0,0,0,0,0,0,1,3,0,538,18,0,23,9,9,0,1,0
0,61,51,345,1,0,30,88,10,11,0,2,0,0,0,0,0,0,0,8,1,0,353,5,2,0,0,0,0,0,4,25,21,3,18,0,381,0,0,0,0,137,98,2,106,0,2,2,0,0,84,1,217,228,14,5,31,2,2,231,0,523,7,73,0,26,473,537,60,0,1,1,52,0,17,0,1,8,4,30,0,33,110,1,0,28,1,35,2,0,41,158,37,0,0,0,0,0,0,0,1,0,0,0,1,0,0,0,2,0,0,0,0,0,0,0,0,0,0,0,0,1,0,0,0,0,0,0,0,0,0,0,0,1,0,0,0,0,0,0,0,0,0,0,0,0,0,0,0,0,0,0,0,0,0,0,0,0,3,0,0,0,0,0,0,0,0
0,4,23,419,14,1,15,7,4,1,0,0,2,0,0,0,0,0,0,3,0,0,137,6,0,9,0,0,0,0,75,144,177,2,21,381,0,0,0,0,0,47,164,1,8,0,0,1,0,0,43,0,117,59,1,1,5,142,171,146,0,253,0,29,0,232,246,1010,17,0,29,37,206,0,6,0,0,2,0,0,0,56,26,1,0,11,13,49,1,0,24,75,14,0,0,0,0,0,1,0,1,0,0,0,0,0,0,5,0,0,0,0,0,0,0,0,0,0,0,0,0,1,0,0,0,0,0,0,0,0,0,0,0,0,0,0,0,0,0,0,1,0,0,0,0,0,0,0,0,0,0,0,0,0,0,17,0,0,8,0,0,0,3,0,0,0,0
5,5,0,18,7,2,5,0,0,5,0,3,0,0,0,2,0,0,1,0,2242,0,0,0,0,0,0,0,0,22,0,0,0,0,2,0,0,0,660,72,14,0,1,508,0,21,0,0,9,0,0,2,10,1,1,407,109,0,0,3,1386,0,466,1,0,0,38,0,2,56,0,0,0,5,614,5008,4494,1518,256,101,0,0,1,348,18,7,0,0,0,8,350,1679,4,0,0,1,0,0,0,0,0,0,0,2,0,0,0,0,0,0,0,0,1,0,0,0,0,0,0,1,0,0,1,0,0,0,0,0,0,0,0,0,0,0,1,0,0,0,0,0,0,0,0,0,0,0,0,0,0,0,0,0,0,0,0,0,0,0,6,0,0,0,0,0,0,0,0
2,11,1,7,4,8,4,0,0,4,0,1,0,0,0,0,0,0,1,0,133,0,0,0,0,0,0,0,0,2005,0,0,1,0,9,0,0,660,0,5,125,5,0,236,0,172,0,0,16,0,0,0,5,0,0,1,0,0,0,3,832,1,1486,0,0,0,6,0,1,15,0,0,0,0,225,549,4034,80,4,55,0,0,0,932,52,0,0,0,0,0,6,77,1,0,0,0,0,0,0,0,0,0,0,4,0,0,0,0,0,0,0,1,3,0,0,0,0,0,0,1,0,0,3,0,0,0,0,0,0,0,0,0,0,0,0,0,42,0,0,0,0,0,0,0,0,0,0,0,1,0,0,0,0,0,0,0,0,23,20,0,0,0,0,0,0,0,0
363,4,2,11,2,4,45,3,0,2,1,0,0,0,0,0,0,0,0,0,1718,0,0,0,0,0,0,0,0,0,0,0,0,0,0,0,0,72,5,0,245,1,0,5,0,1,0,0,1,0,1,0,8,0,0,640,22,0,0,8,3,28,55,2,0,0,9,0,408,198,0,0,0,0,54,293,182,664,2507,1602,0,0,0,15,1,11,0,0,0,0,302,376,15,0,0,0,0,0,0,0,0,0,0,0,0,0,0,0,0,0,0,0,0,0,0,0,0,0,0,1,0,0,0,0,0,0,0,0,0,0,0,0,0,0,0,0,0,0,0,0,0,0,0,0,0,0,0,0,0,0,0,0,0,0,0,0,0,2,3,0,0,0,0,0,0,0,0
625,10,2,18,3,4,77,0,0,5,5,1,0,4,1,10,0,0,0,1,367,0,0,0,0,0,0,0,1,590,0,1,0,0,1,0,0,14,125,245,0,5,0,1,0,1,0,0,3,0,0,0,0,0,0,3,0,0,0,0,444,17,3240,0,0,0,6,0,30,833,0,0,0,0,7,175,385,25,429,2893,0,0,2,248,40,0,0,0,0,3,99,9,0,0,1,0,0,0,0,0,0,0,0,2,0,0,0,0,0,0,0,0,4,0,30,0,0,0,0,0,0,0,1,0,0,0,0,0,0,0,0,0,0,0,5,0,131,0,0,0,0,0,0,0,0,0,0,0,0,1,5,0,0,15,0,0,0,37,16,0,0,0,0,0,0,0,0
393,14,23,19,9,102,1143,130,17,8,2,2,0,0,0,8,0,2,3,1,0,0,0,0,0,1,3,37,24,1,0,0,0,0,2,137,47,0,5,1,5,0,27,0,0,0,0,0,8,0,26,0,15,77,0,10,0,0,0,5,2,166,406,0,1,13,21,0,39,2,0,0,0,0,15,0,15,0,9,298,0,65,33,605,242,0,0,0,0,50,2,8,8,0,0,0,0,0,0,0,1,0,1,0,0,0,0,0,0,0,0,0,0,0,0,0,0,0,0,0,0,0,1,0,1,0,0,0,0,0,0,0,0,0,0,0,30,0,5,0,0,0,0,0,0,0,0,0,0,0,0,0,0,4,0,0,0,4,43,0,0,0,0,12,0,0,0
5,8,590,313,72,30,25,1,10,34,0,0,0,0,0,0,0,0,0,480,2,0,0,18,7,0,0,0,0,0,1,130,33,59,10,98,164,1,0,0,0,27,0,0,0,0,0,0,0,8,37,0,11,13,0,0,2,109,0,3,2,12,4,0,0,1214,177,73,29,2,116,133,16,0,0,3,0,20,166,139,562,212,2393,2,0,0,0,0,8,0,135,74,0,0,0,0,0,1,1,0,0,0,0,0,0,0,0,0,0,0,0,0,0,0,0,0,0,0,0,0,1,0,0,0,0,0,0,0,0,0,0,0,0,0,0,0,0,0,0,0,0,0,0,0,0,0,0,0,0,0,0,0,0,0,0,1,0,0,0,0,0,0,0,0,0,0,0
1,18,2,10,0,4,2,0,0,3,0,0,0,0,0,0,0,0,0,0,5,2,0,0,0,0,0,0,0,1,1,0,0,18,1,2,1,508,236,5,1,0,0,0,712,1121,31,17,4,0,0,0,37,0,102,24,175,0,0,78,0,2,10,11,0,0,34,0,0,0,0,0,1,1109,6005,61,847,374,12,1,0,0,0,95,14,192,1,0,0,22,71,7555,16,0,0,0,0,0,0,0,0,0,0,0,1,0,0,0,0,0,0,0,0,0,0,0,0,0,0,0,0,1,0,0,0,0,0,0,0,0,0,0,0,0,0,0,0,0,0,0,0,0,0,0,0,0,0,0,0,0,0,0,0,0,0,0,0,0,2,0,0,0,0,0,0,0,0
0,40,5,251,22,0,0,0,0,3,0,3,0,0,0,0,0,0,0,0,0,0,1186,0,0,0,0,0,0,0,68,1,3,12,1,106,8,0,0,0,0,0,0,712,0,202,879,28,3,0,0,45,278,0,1741,6,223,0,0,3435,0,0,3,143,0,0,141,403,0,0,4,1,1,1072,1911,0,3,6,1,0,0,0,0,0,4,3925,8,10,0,4,32,1363,17,0,0,2,0,0,0,0,0,0,0,0,0,0,0,0,1,0,0,0,0,0,0,0,0,0,2,0,2,0,0,0,0,0,0,0,0,0,1,0,0,0,0,0,0,0,0,0,0,0,0,0,0,0,0,0,0,0,0,0,0,0,0,0,0,0,0,1,0,0,0,0,0,0,0
1,155,3,45,15,11,7,1,0,11,0,25,0,0,1,2,0,0,1,0,1,927,0,0,0,0,7,1,1,60,0,1,1,10,32,0,0,21,172,1,1,0,0,1121,202,0,853,19,1859,0,0,3,7,0,2,0,1,0,0,100,0,0,9,48,573,0,14,1,0,1,0,0,0,20,9875,20,765,62,0,2,0,0,0,1103,116,2032,0,7,0,243,2,722,29,0,0,3,0,0,0,0,0,0,0,1,0,0,0,0,0,0,0,0,4,0,0,0,0,0,0,9,0,0,15,0,0,0,1,0,0,0,0,0,0,0,0,0,5,0,1,0,0,0,0,0,0,0,0,0,1,0,0,0,0,0,0,0,0,3,34,0,0,0,0,2,0,0,0
0,29,8,52,18,10,0,0,0,2,1,5,0,0,0,0,0,0,0,0,0,359,610,0,0,0,0,0,0,0,1,0,1,12,8,2,0,0,0,0,0,0,0,31,879,853,0,991,34,0,0,0,2,0,0,5,2,0,0,72,0,0,0,3626,135,0,4,29,1,0,1,0,2,2,671,0,2,17,2,0,0,0,0,0,8,8322,36,39,0,0,1,336,0,0,0,1,0,0,0,0,0,0,0,0,0,0,0,0,1,0,0,0,0,0,0,0,0,0,0,0,3,2,0,0,0,0,1,0,0,0,0,0,0,0,0,0,0,0,0,0,0,0,0,0,0,0,0,0,0,0,0,0,0,0,0,0,0,0,15,0,0,0,0,0,0,0,0
22,53,100,57,66,56,0,0,0,20,0,1,2,0,0,0,0,0,2,0,0,418,271,0,0,0,36,2,0,0,141,0,1,419,372,2,1,0,0,0,0,0,0,17,28,19,991,0,8,0,0,3,8,0,3,6,10,0,0,165,0,0,0,9770,196,0,0,39,0,0,137,0,437,3,790,0,0,24,0,0,0,0,0,3,47,1285,2742,3550,0,6,12,1115,0,0,0,3,1,0,0,0,0,0,0,0,0,0,0,0,21,0,0,0,0,0,0,0,0,0,0,0,2,21,0,0,0,0,0,0,0,0,0,0,0,0,0,0,0,0,1,0,0,0,0,0,0,0,0,0,0,0,0,0,0,0,0,0,0,0,18,0,0,2,0,0,0,0,0
0,28,0,5,1,11,8,0,0,2,0,12,0,2,0,0,0,0,3,0,1,722,1,0,5,15,1022,625,76,227,0,0,0,1,17,0,0,9,16,1,3,8,0,4,3,1859,34,8,0,0,0,0,2,0,1,1,0,0,0,44,0,0,173,12,2080,0,17,1,0,0,0,0,0,0,1140,10,307,23,2,9,0,0,0,1847,1162,83,0,0,0,3796,1,127,28,0,0,4,0,0,0,0,1,9,1,7,0,0,0,0,1,0,0,1,0,0,0,0,0,0,0,11,0,0,52,0,0,1,0,0,0,0,1,0,0,0,0,0,29,0,22,0,0,0,0,0,0,0,0,0,5,0,0,0,0,0,0,0,0,16,110,0,0,0,0,73,0,0,0
0,0,42,0,0,0,0,0,0,14,0,0,0,0,0,0,0,0,0,4,0,0,0,2,0,0,0,0,0,0,0,0,0,0,1,0,0,0,0,0,0,0,8,0,0,0,0,0,0,0,8,0,0,0,0,0,0,0,0,0,0,0,0,0,0,0,0,0,1,0,0,0,0,0,0,0,0,1,3,0,0,1,20,0,16,0,0,0,13,0,0,0,0,0,0,0,0,0,0,0,0,0,0,0,0,0,0,0,0,0,0,0,0,0,0,0,0,0,0,0,0,0,0,0,0,0,0,0,0,0,0,0,0,0,0,0,0,0,0,0,0,0,0,0,0,0,0,0,0,0,0,0,0,0,0,0,0,0,1,0,0,0,0,0,0,0,0
0,151,19,94,18,1,30,91,85,81,0,1,4,2,2,4,0,2,9,7,0,0,0,2,61,1,0,0,0,0,0,0,0,0,0,84,43,0,0,1,0,26,37,0,0,0,0,0,0,8,0,0,11,9,0,0,0,0,0,0,0,130,32,0,0,13,6,0,7,0,0,0,1,0,0,5,3,8,29,115,0,57,4,0,101,0,0,0,2,0,21,4,0,0,0,0,0,0,3,0,0,0,0,0,0,0,0,0,1,0,0,0,0,0,0,0,0,0,0,0,0,0,0,2,19,0,0,0,0,0,0,0,0,0,0,1,1,0,0,0,0,0,0,0,0,0,1,0,0,0,0,0,0,2,0,2,1,0,3,0,0,0,1,0,0,0,0
0,0,0,1,0,0,0,0,0,0,0,1,0,0,0,1,0,0,0,0,0,0,39,0,0,0,0,0,0,0,0,0,0,0,0,1,0,2,0,0,0,0,0,0,45,3,0,3,0,0,0,0,112,36,57,0,5,0,0,291,0,0,0,2,0,0,180,9,0,0,0,0,0,2,32,0,1,4,4,0,0,0,0,2,2,2,0,0,0,0,0,144,294,0,0,0,0,0,0,0,0,0,0,0,0,0,0,0,0,0,0,0,0,0,0,0,0,0,0,0,0,0,0,0,0,0,0,0,0,0,0,0,0,0,0,0,0,0,0,0,0,0,0,0,0,0,0,0,0,0,0,0,0,0,0,0,0,0,0,0,0,0,0,0,0,0,0
1,4,0,84,2,1,33,14,0,2,0,0,10,1,0,0,0,0,0,0,13,0,288,0,1,0,0,0,0,2,50,2,13,4,3,217,117,10,5,8,0,15,11,37,278,7,2,8,2,0,11,112,0,360,1058,14,1410,2,0,1244,3,138,135,4,0,27,632,130,15,3,2,5,14,93,83,10,34,304,42,75,0,5,4,6,0,112,9,0,0,1,283,4177,647,0,0,0,0,0,0,0,0,0,0,0,0,0,0,0,0,0,0,0,0,0,0,0,0,0,1,0,0,0,0,0,0,0,0,0,0,0,0,0,0,0,0,0,0,0,0,0,0,0,0,0,0,0,0,0,0,0,0,0,0,0,0,0,0,0,4,0,0,0,0,0,0,0,0
0,1,2,12,0,0,7,30,1,0,0,0,0,0,0,0,0,0,0,0,0,0,1,0,0,0,0,0,0,1,6,0,0,0,0,228,59,1,0,0,0,77,13,0,0,0,0,0,0,0,9,36,360,0,0,9,0,0,0,17,0,227,0,4,0,42,265,22,45,0,0,0,1,0,5,0,2,8,2,49,0,20,9,1,0,0,0,0,0,0,47,147,14,0,0,0,0,0,0,0,0,0,0,0,0,0,0,0,0,0,0,0,0,0,0,0,0,0,0,0,0,0,0,0,0,0,0,0,0,0,0,0,0,0,0,0,0,0,0,0,0,0,0,0,0,0,0,0,0,0,0,0,0,0,0,0,0,0,0,0,0,0,0,0,0,0,0
0,8,0,19,3,0,1,0,0,0,0,0,0,1,0,0,0,0,0,0,0,0,35,0,0,0,0,0,0,0,44,1,10,0,3,14,1,1,0,0,0,0,0,102,1741,2,0,3,1,0,0,57,1058,0,0,1,158,0,1,1475,0,1,2,27,0,0,195,47,0,0,0,0,0,248,209,1,10,5,0,7,0,0,0,5,3,70,8,0,0,0,16,1301,267,0,0,1,0,0,0,0,0,0,0,0,0,0,0,0,0,0,0,0,0,0,0,0,0,0,0,0,0,0,0,0,0,0,0,0,0,0,0,0,0,0,0,0,0,0,0,0,0,0,0,0,0,0,0,0,0,0,0,0,0,0,0,0,0,0,0,0,0,0,0,0,0,0,0
89,22,1,40,17,2,300,7,0,30,0,4,0,0,0,3,0,0,0,0,474,0,0,0,0,0,0,0,0,0,2,0,9,15,2,5,1,407,1,640,3,10,0,24,6,0,5,6,1,0,0,0,14,9,1,0,1622,0,0,168,0,154,24,1,1,0,20,27,801,8,0,0,0,22,121,121,21,903,3840,489,0,0,0,4,9,42,7,1,0,0,4891,5937,7,0,0,0,0,0,0,0,0,0,0,0,0,0,0,0,0,0,0,0,0,0,0,0,0,0,0,1,0,0,1,0,0,0,0,0,0,0,0,0,0,0,0,0,1,0,0,0,0,0,0,0,0,0,0,0,0,0,0,0,0,0,0,0,0,0,8,1,0,0,0,0,0,0,0
9,1,3,9,1,2,40,5,0,0,0,2,0,0,0,0,0,0,0,0,27,0,4,0,0,0,0,0,0,0,18,0,18,16,2,31,5,109,0,22,0,0,2,175,223,1,2,10,0,0,0,5,1410,0,158,1622,0,0,1,1521,2,30,25,1,0,4,96,53,83,5,0,0,0,191,57,8,6,276,117,70,0,0,2,1,2,9,7,1,0,0,2931,10596,49,0,0,0,0,0,0,0,0,0,0,0,0,0,0,0,0,0,0,0,0,0,0,0,0,0,1,0,0,0,0,0,0,0,1,0,0,0,0,0,0,0,0,0,0,0,0,0,0,0,0,0,0,0,0,0,0,0,0,0,0,0,0,0,0,0,15,0,0,0,0,0,0,0,1
0,83,169,320,45,1,0,0,0,4,0,0,0,0,0,0,0,0,0,49,0,0,0,3,5,0,0,0,0,0,1,302,408,35,8,2,142,0,0,0,0,0,109,0,0,0,0,0,0,0,0,0,2,0,0,0,0,0,42,4,1,0,0,0,0,66,14,214,0,0,178,59,1,0,0,0,0,2,3,1,133,0,223,0,2,0,0,0,4,0,13,3,0,0,0,0,0,0,0,0,0,0,0,0,0,0,0,0,0,0,0,0,0,0,0,0,0,0,0,0,0,0,0,0,0,0,0,0,0,0,0,0,0,0,0,0,0,0,0,0,0,0,0,0,0,0,0,0,0,0,0,0,0,0,0,0,0,0,1,0,0,0,0,0,0,0,0
0,102,423,170,12,0,0,0,0,8,0,0,0,0,0,1,0,0,0,0,0,0,0,0,37,0,0,0,0,0,606,12,889,34,14,2,171,0,0,0,0,0,0,0,0,0,0,0,0,0,0,0,0,0,1,0,1,42,0,59,0,0,0,1,0,6,3,329,0,0,406,20,36,0,0,0,0,2,0,0,0,0,7,0,3,0,101,0,9,0,3,13,1,0,0,0,0,0,0,0,0,0,0,0,0,0,0,0,0,0,0,0,0,0,0,0,0,0,0,0,0,0,0,0,0,0,0,0,0,0,0,0,0,0,0,0,0,0,0,0,0,0,0,0,0,0,0,0,0,0,0,0,0,0,0,0,0,0,0,0,0,0,0,0,0,0,0
13,244,21,663,115,9,12,2,0,15,0,31,2,1,0,1,0,0,0,0,0,9,281,0,1,1,1,5,0,1,1504,71,783,112,64,231,146,3,3,8,0,5,3,78,3435,100,72,165,44,0,0,291,1244,17,1475,168,1521,4,59,0,0,35,4,90,4,1,807,554,31,0,34,1,20,216,491,3,11,9,1,3,1,0,0,3,9,468,148,4,0,44,293,886,278,0,0,3,0,0,0,0,2,0,0,0,0,0,0,0,1,1,0,0,0,0,0,0,0,0,19,6,1,0,3,0,0,4,4,0,10,0,4,0,0,0,0,0,0,0,0,0,0,0,0,0,0,0,0,0,0,0,0,0,0,0,0,0,0,0,0,0,0,0,0,0,0,0,1
32,16,0,5,3,1,5,0,0,5,0,0,0,0,0,1,0,0,0,1,1308,0,0,1,0,0,0,0,0,159,0,0,8,0,0,0,0,1386,832,3,444,2,2,0,0,0,0,0,0,0,0,0,3,0,0,0,2,1,0,0,0,0,3357,0,0,0,27,0,1,484,0,0,0,0,0,1956,539,218,50,102,0,0,1,40,18,0,0,0,0,0,84,4,0,0,0,0,0,0,0,0,0,0,0,8,0,0,0,0,1,0,0,0,3,0,0,0,0,0,0,4,0,0,0,0,0,0,0,0,0,0,0,0,0,0,3,0,95,0,0,0,0,0,0,0,0,0,0,0,1,0,1,0,0,1,0,0,0,126,7,0,0,0,0,0,0,0,0
1,110,3,121,72,7,683,356,0,132,0,1,0,3,1,0,1,0,1,0,2,0,0,0,0,0,0,0,0,1,1,0,0,0,0,523,253,0,1,28,17,166,12,2,0,0,0,0,0,0,130,0,138,227,1,154,30,0,0,35,0,0,61,0,0,12,51,12,246,2,0,0,0,0,4,0,1,56,195,690,0,11,0,6,5,0,2,0,0,0,449,76,1,0,0,0,0,0,0,0,0,0,0,0,0,0,0,0,0,0,0,0,0,0,0,0,0,0,0,0,0,0,0,0,0,0,0,0,0,0,0,0,0,0,0,1,7,0,0,0,0,0,0,0,0,0,0,0,0,0,0,0,0,3,0,1,0,0,1,0,0,0,0,0,0,0,0
35,1701,72,736,335,180,774,31,6,942,5,36,2,5,5,134,2,1,5,1,422,0,0,0,0,1,0,15,58,3232,0,1,3,1,4,7,0,466,1486,55,3240,406,4,10,3,9,0,0,173,0,32,0,135,0,2,24,25,0,0,4,3357,61,0,1,16,1,45,0,13,353,0,1,0,0,117,624,811,113,55,1048,0,3,12,1923,663,0,0,2,0,43,69,167,0,0,6,0,0,0,0,0,2,0,3,264,0,0,0,0,0,0,0,0,53,1,69,20,0,3,0,22,0,0,10,0,2,0,0,3,0,1,0,0,0,0,170,6,1032,0,2,0,0,0,1,1,0,0,0,0,1,0,4,0,3,61,0,0,0,146,248,0,0,0,0,3,0,0,0
1,1129,811,1199,703,35,28,0,0,314,3,1,28,3,1,0,0,0,0,0,0,2451,919,0,1,9,146,9,0,0,82,0,3,426,568,73,29,1,0,2,0,0,0,11,143,48,3626,9770,12,0,0,2,4,4,27,1,1,0,1,90,0,0,1,0,413,0,7,401,3,0,38,1,72,15,340,0,11,11,1,0,0,0,0,7,65,2206,674,1110,0,6,1,131,0,0,0,5,0,0,0,0,2,0,0,0,0,0,0,2,12,0,0,0,0,0,0,0,0,1,1,0,4,10,0,0,0,0,0,0,0,0,0,0,0,0,0,0,0,1,1,0,0,0,0,0,0,0,0,0,1,0,0,0,0,0,0,0,0,0,14,0,1,3,0,0,1,0,0
0,184,46,28,11,2,1,0,0,28,0,81,4,0,0,1,0,0,0,1,0,1444,2,0,152,301,850,95,1,1,0,0,0,1,1254,0,0,0,0,0,0,1,0,0,0,573,135,196,2080,0,0,0,0,0,0,1,0,0,0,4,0,0,16,413,0,0,0,0,0,0,0,0,32,0,605,0,10,2,0,0,0,0,0,118,228,644,19,145,0,446,0,0,0,0,0,88,0,0,0,0,5,3,12,0,0,0,0,1,46,0,0,0,0,0,0,7,0,0,0,1,2,3,4,0,0,0,0,0,0,0,0,0,0,0,0,0,0,0,23,0,0,0,0,0,0,0,0,0,0,0,0,0,0,0,0,0,0,0,39,0,0,0,0,3,0,0,0
0,15,47,267,22,0,0,0,3,13,0,0,0,0,0,0,0,0,0,54,0,0,0,56,136,0,0,0,0,0,1,249,39,17,19,26,232,0,0,0,0,13,1214,0,0,0,0,0,0,0,13,0,27,42,0,0,4,66,6,1,0,12,1,0,0,0,112,106,0,0,11,43,45,0,0,1,0,1,1,1,11,48,569,0,7,0,0,0,11,0,14,12,0,0,0,0,0,0,0,0,0,0,0,0,0,0,0,0,3,0,0,0,0,0,0,0,0,0,0,0,0,0,0,0,0,0,0,0,0,0,0,0,0,0,0,0,0,0,0,0,0,0,0,0,0,0,2,0,0,0,0,0,0,0,0,0,0,0,1,0,0,0,0,0,0,0,0
2,238,38,700,13,11,295,86,2,69,1,6,1,1,1,2,1,0,5,15,20,0,23,25,0,1,0,0,0,0,7,69,170,35,159,473,246,38,6,9,6,21,177,34,141,14,4,0,17,0,6,180,632,265,195,20,96,14,3,807,27,51,45,7,0,112,0,152,72,1,6,3,44,4,77,13,25,147,85,12,2,24,105,25,4,41,2,1,0,7,186,1248,313,0,0,0,1,2,0,1,0,0,0,1,3,0,0,8,16,0,1,0,0,0,0,0,0,0,0,0,0,0,0,0,0,0,5,0,0,0,2,0,0,0,0,0,0,0,0,0,0,1,0,0,0,0,1,0,0,0,0,0,0,0,0,0,0,1,2,0,0,0,4,0,0,0,0
1,896,495,1037,76,15,2,0,0,164,0,5,12,0,2,0,0,0,0,22,0,0,1421,22,57,40,4,0,0,0,1855,216,1223,222,593,537,1010,0,0,0,0,0,73,0,403,1,29,39,1,0,0,9,130,22,47,27,53,214,329,554,0,12,0,401,0,106,152,0,2,0,515,177,187,0,15,0,0,9,4,1,40,0,260,0,16,241,662,101,9,0,22,88,20,0,0,0,0,0,0,0,0,0,0,0,1,0,0,7,28,0,0,0,0,0,0,0,0,0,1,0,0,0,0,0,1,0,0,0,0,0,0,0,0,0,0,0,0,0,0,0,0,0,0,0,0,0,1,0,0,0,0,0,0,0,0,0,0,0,2,0,0,0,0,0,0,0,0
3,36,11,48,8,5,358,11,1,15,0,1,0,3,0,2,0,1,0,9,18,0,0,2,0,0,0,0,1,5,1,7,10,1,2,60,17,2,1,408,30,39,29,0,0,0,1,0,0,1,7,0,15,45,0,801,83,0,0,31,1,246,13,3,0,0,72,2,0,8,0,0,0,0,13,4,0,132,1575,642,1,7,29,8,1,1,0,0,6,0,774,312,8,0,1,0,0,0,0,0,0,0,0,1,0,0,0,1,0,0,0,0,0,0,1,1,0,0,0,1,0,0,0,0,0,0,0,0,0,1,0,0,0,0,0,10,1,0,0,0,0,0,1,0,0,0,0,0,0,0,0,0,0,4,0,0,0,0,4,0,0,0,0,0,0,0,0
66,84,7,47,17,1,20,1,0,54,0,0,0,0,0,2,0,0,0,0,863,0,0,1,0,0,0,0,9,40,0,0,2,0,3,0,0,56,15,198,833,2,2,0,0,1,0,0,0,0,0,0,3,0,0,8,5,0,0,0,484,2,353,0,0,0,1,0,8,0,0,0,0,0,0,173,26,44,45,363,0,0,3,7,0,0,0,0,0,0,32,24,0,0,0,0,0,0,0,0,0,0,0,0,0,0,0,0,0,0,0,0,0,0,0,0,0,0,0,0,0,0,0,0,0,0,0,0,0,0,0,0,0,0,0,0,15,0,0,0,0,0,1,0,0,0,0,0,0,0,0,0,0,8,0,0,0,0,0,0,0,0,0,0,0,0,0
0,203,1570,250,32,4,0,0,0,27,0,0,63,2,0,0,0,0,0,221,0,0,5,52,90,32,3,0,0,0,1254,22,2387,6957,1276,1,29,0,0,0,0,0,116,0,4,0,1,137,0,0,0,0,2,0,0,0,0,178,406,34,0,0,0,38,0,11,6,515,0,0,0,996,493,1,34,0,0,5,17,1,352,0,59,0,34,13,966,30,7,0,8,111,0,0,0,0,0,0,1,3,0,0,0,0,5,0,4,40,29,0,0,0,0,0,0,0,2,0,0,0,0,0,0,0,0,0,0,0,0,0,0,0,0,0,0,0,0,0,0,0,0,0,0,0,6,1,4,0,0,0,0,0,0,0,0,0,0,0,4,0,0,0,0,0,0,0,0
0,9,466,220,14,3,1,6,0,2,0,0,66,3,1,0,0,0,0,984,0,0,0,261,241,4,0,0,0,0,18,2,71,4926,959,1,37,0,0,0,0,0,133,0,1,0,0,0,0,0,0,0,5,0,0,0,0,59,20,1,0,0,1,1,0,43,3,177,0,0,996,0,2007,0,6,0,0,3,8,11,223,0,49,0,10,0,13,8,6,0,2,0,0,0,0,0,0,14,13,3,8,0,0,0,0,0,0,24,27,0,0,0,0,0,0,0,0,0,0,0,0,0,0,0,0,0,0,0,0,0,0,0,0,0,0,0,0,0,0,0,0,0,0,0,0,5,8,0,0,0,0,0,0,0,0,0,1,0,11,0,2,0,5,0,0,0,0
0,420,793,1159,208,11,3,0,0,383,0,2,313,0,0,0,0,0,0,35,0,0,74,22,344,705,255,1,0,0,1519,1,319,6757,14121,52,206,0,0,0,0,0,16,1,1,0,2,437,0,0,1,0,14,1,0,0,0,1,36,20,0,0,0,72,32,45,44,187,0,0,493,2007,0,1,85,0,3,2,0,0,5,0,51,3,17,28,522,849,16,14,0,21,0,0,0,0,0,1,4,16,2,0,0,0,3,0,1,28,55,0,0,0,0,0,0,0,0,0,0,0,0,1,0,0,0,0,0,0,0,0,0,0,0,0,0,0,0,1,0,0,0,0,0,0,6,13,14,0,0,0,0,0,0,0,0,0,0,0,5,0,1,0,0,0,0,0,0
0,26,0,7,1,0,0,0,0,0,0,0,0,0,0,0,0,0,0,0,0,0,0,0,0,0,0,0,0,0,2,0,1,5,0,0,0,5,0,0,0,0,0,1109,1072,20,2,3,0,0,0,2,93,0,248,22,191,0,0,216,0,0,0,15,0,0,4,0,0,0,1,0,1,0,371,0,3,1,4,0,0,0,0,0,0,29,1,1,0,2,12,612,2,0,0,0,0,0,0,0,0,0,0,0,0,0,0,0,0,0,0,0,0,0,0,0,0,0,0,0,0,0,0,0,0,0,0,0,0,0,0,0,0,0,0,0,0,0,0,0,0,0,0,0,0,0,0,0,0,0,0,0,0,0,0,0,0,0,0,0,0,0,0,0,0,0,0
4,946,44,833,441,80,69,1,0,207,0,50,8,2,1,14,0,0,5,0,107,227,55,0,0,0,128,40,8,24,12,0,2,1129,250,17,6,614,225,54,7,15,0,6005,1911,9875,671,790,1140,0,0,32,83,5,209,121,57,0,0,491,0,4,117,340,605,0,77,15,13,0,34,6,85,371,0,60,628,64,23,36,0,0,1,648,136,1376,30,83,1,626,63,1041,22,0,0,0,0,0,0,0,0,0,0,0,0,0,0,1,0,0,0,1,0,0,0,0,0,1,3,8,0,2,5,0,0,0,0,0,0,0,0,0,0,0,0,0,1,0,0,0,0,0,0,0,0,0,0,0,4,0,0,0,0,0,0,0,0,1,38,2,0,0,0,0,0,0,0
70,141,0,106,54,7,26,3,0,65,0,0,0,0,0,0,0,0,0,2,2637,0,0,1,0,0,0,3,6,181,0,1,0,0,2,0,0,5008,549,293,175,0,3,61,0,20,0,0,10,0,5,0,10,0,1,121,8,0,0,3,1956,0,624,0,0,1,13,0,4,173,0,0,0,0,60,0,1090,245,96,213,0,0,3,151,30,0,0,0,1,4,73,229,1,0,0,0,0,0,0,0,0,0,0,0,0,0,0,0,0,0,0,0,1,0,0,0,0,0,0,0,0,0,0,0,0,0,0,0,0,0,0,0,0,0,0,0,1,0,0,0,0,0,1,0,0,0,0,0,0,0,0,0,0,0,0,0,0,1,1,0,0,0,0,0,0,0,0
29,459,1,330,313,52,53,0,0,179,0,1,0,0,0,4,0,0,0,0,1301,0,0,0,0,0,7,1,3,1674,0,0,1,0,3,1,0,4494,4034,182,385,15,0,847,3,765,2,0,307,0,3,1,34,2,10,21,6,0,0,11,539,1,811,11,10,0,25,0,0,26,0,0,3,3,628,1090,0,139,19,176,0,1,0,926,68,10,0,0,0,14,16,295,1,0,0,0,0,0,0,0,0,0,0,5,0,0,0,0,0,0,0,0,0,0,1,0,0,0,0,2,0,0,1,0,0,0,0,0,0,0,0,0,0,0,0,0,17,0,0,0,0,0,0,0,0,0,0,0,0,0,2,0,0,0,0,0,0,3,22,0,0,0,0,0,0,0,0
44,28,15,275,61,21,42,7,0,72,0,0,0,1,0,1,0,0,0,6,1058,0,3,4,0,0,0,3,0,21,1,18,11,112,14,8,2,1518,80,664,25,0,20,374,6,62,17,24,23,1,8,4,304,8,5,903,276,2,2,9,218,56,113,11,2,1,147,9,132,44,5,3,2,1,64,245,139,0,232,232,0,0,10,14,21,1,4,7,9,12,484,1043,4,0,0,0,0,0,0,0,0,0,0,0,0,0,0,0,0,0,1,0,0,0,0,0,0,0,0,0,0,0,0,0,0,0,0,0,0,0,0,0,0,0,0,0,3,0,0,0,0,0,0,0,0,0,0,0,0,0,0,0,0,0,0,0,0,0,1,0,0,0,0,0,0,0,0
133,27,134,60,6,11,340,11,14,10,0,6,0,4,1,6,0,0,2,24,1098,0,0,43,0,0,0,0,0,2,2,58,54,53,23,4,0,256,4,2507,429,9,166,12,1,0,2,0,2,3,29,4,42,2,0,3840,117,3,0,1,50,195,55,1,0,1,85,4,1575,45,17,8,0,4,23,96,19,232,0,570,6,12,165,1,3,25,0,0,4,1,754,597,11,0,0,1,0,0,0,0,0,0,0,0,0,0,0,0,1,0,0,0,0,0,0,0,0,1,3,0,0,0,0,0,0,0,0,0,0,1,0,0,0,0,0,6,6,0,0,0,0,0,1,0,0,0,0,1,0,0,0,0,0,0,0,0,0,0,1,4,0,0,0,0,0,0,0
142,357,275,426,94,10,1154,116,5,167,0,11,3,3,6,14,1,3,2,17,920,0,0,19,0,1,0,1,3,408,0,4,2,5,19,30,0,101,55,1602,2893,298,139,1,0,2,0,0,9,0,115,0,75,49,7,489,70,1,0,3,102,690,1048,0,0,1,12,1,642,363,1,11,0,0,36,213,176,232,570,0,2,9,102,200,89,4,0,0,73,10,287,354,9,0,0,0,0,0,0,0,0,0,0,0,0,0,0,0,0,0,0,0,0,0,2,2,2,0,0,0,0,0,0,0,1,0,0,3,0,6,0,0,0,0,0,16,27,0,0,0,0,0,2,0,0,0,0,0,0,0,0,0,0,34,0,0,1,3,19,0,0,0,0,1,0,0,0
0,13,504,130,18,0,2,0,0,3,0,0,0,0,0,0,0,0,0,264,0,0,0,65,5,0,0,0,0,0,0,134,257,261,34,0,0,0,0,0,0,0,562,0,0,0,0,0,0,0,0,0,0,0,0,0,0,133,0,1,0,0,0,0,0,11,2,40,1,0,352,223,5,0,0,0,0,0,6,2,0,0,143,0,6,0,0,0,0,0,6,1,0,0,0,0,0,0,0,0,0,0,0,0,0,0,0,0,0,0,0,0,0,0,0,0,0,0,0,0,0,0,0,0,0,0,0,0,0,0,0,0,0,0,0,0,0,0,0,0,0,0,0,0,0,0,0,0,0,0,0,0,0,0,0,0,0,0,1,0,0,0,0,0,0,0,0
0,2,452,55,1,0,4,6,149,0,0,0,4,1,0,0,0,23,0,9,0,0,0,0,21,1,1,1,0,0,0,0,0,0,3,33,56,0,0,0,0,65,212,0,0,0,0,0,0,1,57,0,5,20,0,0,0,0,0,0,0,11,3,0,0,48,24,0,7,0,0,0,0,0,0,0,1,0,12,9,0,0,233,0,81,0,0,0,161,0,6,1,0,0,0,0,0,0,6,0,0,0,0,0,0,0,0,0,0,0,0,0,0,0,0,0,1,0,0,0,0,0,0,1,11,0,0,0,0,0,0,0,0,0,0,1,0,0,0,0,0,0,0,0,0,0,0,0,0,0,0,0,0,0,0,18,1,0,20,0,0,0,1,0,0,0,0
0,33,940,457,58,2,15,2,1,8,0,1,20,0,0,0,0,0,0,611,3,0,0,102,173,0,0,0,0,1,0,74,55,17,13,110,26,1,0,0,2,33,2393,0,0,0,0,0,0,20,4,0,4,9,0,0,2,223,7,0,1,0,12,0,0,569,105,260,29,3,59,49,51,0,1,3,0,10,165,102,143,233,0,0,7,0,0,0,145,0,121,18,1,3,0,0,0,0,3,0,0,0,0,0,0,0,0,0,2,0,0,0,0,0,0,0,0,0,0,0,0,0,0,0,1,0,0,0,0,0,0,0,0,0,0,0,0,0,0,0,0,0,0,0,0,0,0,0,0,0,0,0,0,0,0,2,0,0,12,0,0,0,0,0,0,0,0
23,412,2,92,67,26,112,0,0,88,1,49,0,17,31,45,5,0,33,0,27,2,0,2,0,1,18,91,192,1916,0,1,0,1,9,1,1,348,932,15,248,605,2,95,0,1103,0,3,1847,0,0,2,6,1,5,4,1,0,0,3,40,6,1923,7,118,0,25,0,8,7,0,0,3,0,648,151,926,14,1,200,0,0,0,0,552,4,1,20,0,303,2,74,4,0,11,0,0,0,0,0,0,0,3,159,0,0,0,0,0,1,0,74,210,3,1,1,0,36,0,219,0,0,72,0,0,0,4,9,0,4,1,0,0,0,44,0,127,0,1,0,0,0,2,0,0,0,0,0,29,2,6,0,0,3,0,0,0,234,110,0,0,0,0,3,0,1,0
13,789,698,76,4,226,245,1,138,34,16,397,568,44,92,179,1,46,214,9,4,92,0,41,2256,763,808,1218,1040,168,0,0,16,21,2353,0,0,18,52,1,40,242,0,14,4,116,8,47,1162,16,101,2,0,0,3,9,2,2,3,9,18,5,663,65,228,7,4,16,1,0,34,10,17,0,136,30,68,21,3,89,6,81,7,552,0,26,24,19,349,860,5,68,0,36,1,179,2,60,100,91,88,2,6,127,9,1,8,10,915,1,5,17,45,5,26,18,11,16,7,125,15,60,180,21,24,0,53,1,2,11,33,1,1,0,48,9,409,5,51,0,1,0,2,3,6,18,11,0,8,2,5,2,0,45,0,111,2,160,539,7,2,3,37,82,0,7,3
0,585,64,889,359,19,15,0,0,76,0,10,0,0,0,0,0,0,0,0,0,643,1282,0,0,0,25,1,0,0,232,0,4,475,119,28,11,7,0,11,0,0,0,192,3925,2032,8322,1285,83,0,0,2,112,0,70,42,9,0,0,468,0,0,0,2206,644,0,41,241,1,0,13,0,28,29,1376,0,10,1,25,4,0,0,0,4,26,0,104,152,0,40,10,100,1,0,0,6,0,0,0,0,0,0,0,0,0,0,0,1,3,0,0,0,0,0,0,0,0,0,0,1,4,15,0,0,0,0,1,0,0,0,0,0,0,0,0,0,0,0,0,0,0,0,1,0,0,0,0,0,1,0,0,0,0,0,0,0,0,0,3,1,0,0,0,0,0,0,0
0,13,1074,227,15,0,0,0,0,4,0,0,21,0,0,0,0,0,1,1,0,0,392,1,6,70,53,57,0,0,1732,0,117,2505,748,1,13,0,0,0,0,0,0,1,8,0,36,2742,0,0,0,0,9,0,8,7,7,0,101,148,0,2,0,674,19,0,2,662,0,0,966,13,522,1,30,0,0,4,0,0,0,0,0,1,24,104,0,446,0,0,4,270,4,0,0,0,0,0,0,0,0,0,0,0,0,0,0,2,0,0,0,0,0,0,0,0,0,0,0,0,0,0,0,0,0,0,0,0,0,0,0,0,0,0,0,0,0,0,0,0,0,0,0,0,0,0,0,0,0,0,0,0,0,0,0,0,0,0,3,0,0,0,0,0,0,0,0
1,119,349,441,173,44,3,0,0,113,0,4,23,0,0,0,0,0,0,0,0,132,69,0,0,6,191,0,0,0,31,0,1,1034,3636,35,49,0,0,0,0,0,0,0,10,7,39,3550,0,0,0,0,0,0,0,1,1,0,0,4,0,0,2,1110,145,0,1,101,0,0,30,8,849,1,83,0,0,7,0,0,0,0,0,20,19,152,446,0,0,0,0,30,0,0,0,1,0,0,0,0,1,0,0,0,0,0,0,2,19,0,0,0,0,0,0,0,0,0,0,0,0,7,0,0,0,0,0,0,0,0,0,0,0,0,0,0,0,1,0,0,0,0,0,0,0,0,0,0,0,0,0,0,0,0,0,0,0,0,3,0,0,18,0,0,0,0,0
0,1,196,4,0,0,5,0,2,0,0,0,11,0,0,0,0,0,0,113,1,0,0,98,401,14,34,16,0,0,0,0,0,3,280,2,1,0,0,0,0,0,8,0,0,0,0,0,0,13,2,0,0,0,0,0,0,4,9,0,0,0,0,0,0,11,0,9,6,0,7,6,16,0,1,1,0,9,4,73,0,161,145,0,349,0,0,0,0,11,0,0,0,3,0,0,0,0,30,0,0,0,0,0,0,0,0,0,5,0,0,0,0,0,0,0,0,0,0,0,0,0,0,0,1,0,0,0,0,0,0,0,0,0,0,0,0,0,0,0,0,0,0,0,0,1,0,0,0,0,0,0,0,0,0,26,1,0,12,0,0,0,33,0,0,0,0
1,173,5,6,3,9,5,0,0,23,1,66,0,1,0,0,0,0,1,0,0,20,0,0,285,453,730,639,144,118,0,0,0,0,685,0,0,8,0,0,3,50,0,22,4,243,0,6,3796,0,0,0,1,0,0,0,0,0,0,44,0,0,43,6,446,0,7,0,0,0,0,0,14,2,626,4,14,12,1,10,0,0,0,303,860,40,0,0,11,0,1,192,6,0,0,15,0,0,0,0,5,0,5,1,0,0,0,0,10,0,0,0,0,0,0,5,0,0,0,8,0,0,40,0,0,0,0,0,0,0,0,0,0,0,0,0,0,0,5,0,0,0,0,0,0,0,0,0,2,0,0,0,0,0,0,0,0,0,40,0,0,0,0,27,0,0,0
54,56,139,193,14,9,295,10,20,44,0,7,2,0,0,0,0,1,1,11,668,0,3,8,0,0,0,0,1,0,26,56,100,47,18,41,24,350,6,302,99,2,135,71,32,2,1,12,1,0,21,0,283,47,16,4891,2931,13,3,293,84,449,69,1,0,14,186,22,774,32,8,2,0,12,63,73,16,484,754,287,6,6,121,2,5,10,4,0,0,1,0,2769,16,0,0,0,0,0,0,0,0,0,0,0,0,0,0,0,0,0,0,0,0,0,0,0,0,0,3,1,0,1,0,0,0,0,0,0,1,0,1,0,0,0,0,0,1,0,0,0,0,0,0,0,0,0,0,0,0,0,0,0,0,1,0,0,0,0,7,1,0,0,0,0,0,0,0
30,227,55,445,97,36,230,18,0,70,0,26,5,0,1,0,0,0,1,3,349,8,143,10,0,0,0,6,3,29,671,40,270,1396,58,158,75,1679,77,376,9,8,74,7555,1363,722,336,1115,127,0,4,144,4177,147,1301,5937,10596,3,13,886,4,76,167,131,0,12,1248,88,312,24,111,0,21,612,1041,229,295,1043,597,354,1,1,18,74,68,100,270,30,0,192,2769,0,430,0,0,0,0,0,0,0,0,0,0,2,2,0,0,0,4,0,0,0,1,0,0,0,0,0,5,0,0,1,1,0,0,0,0,0,0,0,0,0,0,0,0,0,2,0,0,0,1,0,0,0,0,0,0,0,0,0,0,0,0,0,0,0,0,2,0,0,0,0,0,0,0,0,0
0,29,1,20,4,2,20,0,0,1,0,17,4,0,1,0,0,0,0,0,2,0,11,0,0,0,0,1,0,3,41,0,34,0,1,37,14,4,1,15,0,8,0,16,17,29,0,0,28,0,0,294,647,14,267,7,49,0,1,278,0,1,0,0,0,0,313,20,8,0,0,0,0,2,22,1,1,4,11,9,0,0,1,4,0,1,4,0,0,6,16,430,0,0,0,2,0,0,0,0,0,0,0,0,1,0,0,0,0,0,0,0,0,0,0,0,0,0,2,3,5,0,1,0,0,1,1,0,0,0,0,0,0,0,0,0,0,0,0,0,1,0,0,0,0,0,0,0,0,0,0,0,0,0,0,0,0,1,1,0,0,0,0,0,0,0,0
0,0,104,0,0,5,0,0,3,1,1,0,182,64,27,15,8,0,3,4,0,0,0,3,15,3,0,0,0,0,0,0,0,1,3,0,0,0,0,0,0,0,0,0,0,0,0,0,0,0,0,0,0,0,0,0,0,0,0,0,0,0,0,0,0,0,0,0,0,0,0,0,0,0,0,0,0,0,0,0,0,0,3,0,36,0,0,0,3,0,0,0,0,0,1,0,0,200,169,0,1,0,0,0,0,10,2,119,95,0,9,0,0,0,0,4,328,0,0,0,0,0,0,18,0,0,0,12,0,0,0,2,0,0,0,1,6,0,0,44,4,0,8,0,3,744,10,0,0,0,0,0,17,30,114,8,309,0,10,0,0,0,61,0,0,3,0
2,0,0,1,0,1,0,0,0,1,24,2,12,25,1,26,2,0,5,0,0,0,0,0,0,0,0,0,0,0,0,0,0,0,0,0,0,0,0,0,1,0,0,0,0,0,0,0,0,0,0,0,0,0,0,0,0,0,0,0,0,0,6,0,0,0,0,0,1,0,0,0,0,0,0,0,0,0,0,0,0,0,0,11,1,0,0,0,0,0,0,0,0,1,0,0,1,2,0,0,0,0,0,5,0,1,9,2,0,0,0,1427,66,1993,14,4,11,2,0,15,0,0,4,0,0,0,3,3,0,447,35,0,0,0,797,41,392,0,0,0,17,1,107,825,0,0,0,0,13,1750,661,631,1204,659,0,0,0,78,2,1,0,0,0,0,25,209,0
0,8,3,1,0,19,0,0,0,3,7,61,27,26,11,1,0,0,6,0,0,131,0,0,0,0,20,0,0,0,0,0,0,0,44,0,0,1,0,0,0,0,0,0,2,3,1,3,4,0,0,0,0,0,1,0,0,0,0,3,0,0,0,5,88,0,0,0,0,0,0,0,0,0,0,0,0,0,1,0,0,0,0,0,179,6,0,1,0,15,0,0,2,0,0,0,0,0,0,0,244,10,0,0,0,0,0,1,993,1,0,1,0,0,0,0,0,2,1,503,204,295,524,0,0,0,0,0,0,0,0,0,0,9,0,0,0,2050,3010,0,0,0,0,0,1,0,0,0,196,0,0,0,1,0,0,0,0,3,210,886,0,91,0,61,0,1,0
1,0,4,2,1,7,0,0,0,0,0,5,12,177,34,0,0,0,46,0,0,0,0,0,0,0,0,0,0,0,0,0,0,0,0,0,0,0,0,0,0,0,0,0,0,0,0,1,0,0,0,0,0,0,0,0,0,0,0,0,0,0,0,0,0,0,1,0,0,0,0,0,0,0,0,0,0,0,0,0,0,0,0,0,2,0,0,0,0,0,0,0,0,0,1,0,0,1,0,10,3,0,0,0,310,1,17,0,6,71,59,0,0,0,0,0,0,2,921,3,465,268,0,0,0,33,138,0,85,0,1,6,2,1154,0,0,0,681,1,0,18,731,0,0,0,0,44,2,116,0,0,0,0,0,0,0,0,0,6,1069,301,77,0,0,0,71,3
0,0,122,3,0,12,1,0,1,0,0,13,687,204,26,86,7,0,9,7,1,0,0,6,69,0,3,0,0,0,0,0,0,3,20,0,0,0,0,0,0,0,1,0,0,0,0,0,0,0,0,0,0,0,0,0,0,0,0,0,0,0,0,0,0,0,2,0,0,0,0,14,1,0,0,0,0,0,0,0,0,0,0,0,60,0,0,0,0,0,0,0,0,200,2,0,1,0,465,26,128,3,0,0,0,1,4,182,939,0,0,0,0,0,2,24,13,0,0,0,0,0,2,3,0,0,0,11,0,0,1,11,0,1,3,0,7,0,16,16,5,30,31,1,18,801,235,0,0,1,0,0,24,120,46,1,58,0,116,0,0,0,20,7,8,7,0
0,5,112,6,0,0,0,0,0,1,0,14,720,18,1,0,1,13,0,17,0,0,0,48,128,16,3,1,0,0,0,0,1,16,200,0,1,0,0,0,0,0,1,0,0,0,0,0,0,0,3,0,0,0,0,0,0,0,0,0,0,0,0,0,0,0,0,0,0,0,1,13,4,0,0,0,0,0,0,0,0,6,3,0,100,0,0,0,30,0,0,0,0,169,0,0,0,465,0,918,612,458,3,1,3,32,101,154,3438,0,0,0,0,0,0,0,67,0,0,0,0,0,5,34,49,0,0,0,0,0,0,7,1,0,0,0,5,0,89,5,0,22,1,0,22,321,233,0,0,0,0,0,0,3,19,45,187,0,2339,0,0,0,334,481,0,0,0
0,4,4,5,1,5,0,0,0,0,0,159,278,272,36,0,0,0,113,1,0,0,0,0,17,90,3,0,0,0,0,0,0,4,100,0,0,0,0,0,0,0,0,0,0,0,0,0,0,0,0,0,0,0,0,0,0,0,0,0,0,0,0,0,0,0,1,0,0,0,3,3,16,0,0,0,0,0,0,0,0,0,0,0,91,0,0,0,0,0,0,0,0,0,0,0,10,26,918,0,1000,120,6,0,124,0,95,157,3702,2,36,0,0,0,0,1,2,0,0,1,2,20,26,0,4,0,1,0,0,0,0,2,11,4,0,0,5,48,384,17,0,86,0,0,53,46,366,0,13,0,0,0,0,0,0,0,30,2,894,17,29,24,0,572,0,5,0
0,12,10,21,3,9,0,0,0,4,0,99,31,138,19,0,0,1,60,0,0,29,0,0,4,6,69,3,0,0,0,0,0,1,269,1,1,0,0,0,0,1,0,0,0,0,0,0,1,0,0,0,0,0,0,0,0,0,0,2,0,0,2,2,5,0,0,0,0,0,0,8,2,0,0,0,0,0,0,0,0,0,0,0,88,0,0,1,0,5,0,0,0,1,0,244,3,128,612,1000,0,687,40,3,10,0,0,17,3241,0,0,0,0,0,0,5,0,2,1,4,7,94,799,0,11,0,0,0,0,0,0,0,3,3,0,3,18,124,1235,0,2,15,0,0,1,20,126,1,61,1,1,0,0,0,0,0,0,20,936,29,28,83,1,1226,0,14,0
0,0,0,0,0,0,0,0,0,0,0,0,1,0,0,0,0,0,0,0,0,0,0,0,0,0,2,0,0,0,0,0,0,0,0,0,0,0,0,0,0,0,0,0,0,0,0,0,9,0,0,0,0,0,0,0,0,0,0,0,0,0,0,0,3,0,0,0,0,0,0,0,0,0,0,0,0,0,0,0,0,0,0,0,2,0,0,0,0,0,0,0,0,0,0,10,0,3,458,120,687,0,149,11,0,0,0,0,267,0,0,0,0,0,1,6,0,0,0,0,0,0,648,0,3,0,0,0,0,0,0,0,0,0,0,0,20,1,232,0,0,0,0,0,0,0,0,0,4,0,0,0,0,2,0,0,0,137,1029,0,0,0,0,936,0,0,0
