   0  -2.0000E+01  2.0000E+01 -1.7976+308  1.7976+308
   0   EPSL= 1.0000E-06  EPSU = 1.0000E-06  EPSS = 1.0000E-04
   0   DS  =-1.0000E-04  DSMIN= 1.0000E-08  DSMAX= 5.0000E-02
   0   NDIM=   2   IPS =   1   IRS =  25   ILP =   1
   0   NTST= 400   NCOL=   4   IAD =   3   ISP =   2
   0   ISW =   1   IPLT=   0   NBC =   0   NINT=   0
   0   NMX= 2000   NPR=   10   MXBF=   5   IID =   2   IADS=   1
   0   ITMX=  40   ITNW=  40   NWTN=  12   JAC =   0   NUZR=   0
   0   NPAR=  14   THL = {}    THU = {}
   0   e = 'qif'
   0   parnames = {1: 'tau', 2: 'eta', 3: 'Delta', 4: 'J'}
   0   unames   = {1: 'r', 2: 'v'}
   0   User-specified constants, where different from above:
   0   NPAR=   4
   0   User-specified parameter:          4
   0   Active continuation parameter:   'J'
   0
   0    PT  TY  LAB       J               L2-NORM               r                  v            
   1    -1   0    0  1.5000000000E+001  1.9632930306E+000  8.1134898395E-002 -1.9616158269E+000
   1    -2   0    0  1.4999800247E+001  1.9633019780E+000  8.1134240312E-002 -1.9616248091E+000
   1    -3   0    0  1.4999650290E+001  1.9633055799E+000  8.1134090949E-002 -1.9616284203E+000
   1    -4   0    0  1.4999350377E+001  1.9633127838E+000  8.1133792227E-002 -1.9616356427E+000
   1    -5   0    0  1.4998750552E+001  1.9633271913E+000  8.1133194802E-002 -1.9616500873E+000
   1    -6   0    0  1.4997550900E+001  1.9633560052E+000  8.1132000024E-002 -1.9616789752E+000
   1    -7   0    0  1.4995151596E+001  1.9634136286E+000  8.1129610757E-002 -1.9617367467E+000
   1    -8   0    0  1.4990352989E+001  1.9635288577E+000  8.1124833377E-002 -1.9618522718E+000
   1    -9   0    0  1.4980755771E+001  1.9637592456E+000  8.1115283233E-002 -1.9620832514E+000
   1   -10   4   26  1.4961561330E+001  1.9642197399E+000  8.1096201378E-002 -1.9625449276E+000
   1   -11   0    0  1.4923172421E+001  1.9651396062E+000  8.1058111183E-002 -1.9634671514E+000
   1   -12   0    0  1.4873186808E+001  1.9663351150E+000  8.1008660785E-002 -1.9646657175E+000
   1   -13   0    0  1.4823201135E+001  1.9675281101E+000  8.0959374777E-002 -1.9658617560E+000
   1   -14   0    0  1.4773215401E+001  1.9687186057E+000  8.0910252079E-002 -1.9670552813E+000
   1   -15   0    0  1.4723229607E+001  1.9699066161E+000  8.0861291619E-002 -1.9682463077E+000
   1   -16   0    0  1.4673243754E+001  1.9710921551E+000  8.0812492340E-002 -1.9694348492E+000
   1   -17   0    0  1.4623257842E+001  1.9722752367E+000  8.0763853193E-002 -1.9706209198E+000
   1   -18   0    0  1.4573271872E+001  1.9734558746E+000  8.0715373139E-002 -1.9718045333E+000
   1   -19   0    0  1.4523285844E+001  1.9746340824E+000  8.0667051150E-002 -1.9729857035E+000
   1   -20   4   27  1.4473299759E+001  1.9758098736E+000  8.0618886209E-002 -1.9741644439E+000
   1   -21   0    0  1.4423313616E+001  1.9769832615E+000  8.0570877308E-002 -1.9753407680E+000
   1   -22   0    0  1.4373327416E+001  1.9781542594E+000  8.0523023448E-002 -1.9765146892E+000
   1   -23   0    0  1.4323341161E+001  1.9793228804E+000  8.0475323642E-002 -1.9776862206E+000
   1   -24   0    0  1.4273354850E+001  1.9804891375E+000  8.0427776910E-002 -1.9788553753E+000
   1   -25   0    0  1.4223368483E+001  1.9816530436E+000  8.0380382283E-002 -1.9800221664E+000
   1   -26   0    0  1.4173382061E+001  1.9828146115E+000  8.0333138801E-002 -1.9811866066E+000
   1   -27   0    0  1.4123395585E+001  1.9839738538E+000  8.0286045513E-002 -1.9823487089E+000
   1   -28   0    0  1.4073409055E+001  1.9851307831E+000  8.0239101479E-002 -1.9835084856E+000
   1   -29   0    0  1.4023422470E+001  1.9862854118E+000  8.0192305764E-002 -1.9846659495E+000
   1   -30   4   28  1.3973435833E+001  1.9874377522E+000  8.0145657445E-002 -1.9858211129E+000
   1   -31   0    0  1.3923449143E+001  1.9885878166E+000  8.0099155607E-002 -1.9869739881E+000
   1   -32   0    0  1.3873462400E+001  1.9897356170E+000  8.0052799343E-002 -1.9881245874E+000
   1   -33   0    0  1.3823475604E+001  1.9908811655E+000  8.0006587756E-002 -1.9892729227E+000
   1   -34   0    0  1.3773488757E+001  1.9920244739E+000  7.9960519956E-002 -1.9904190061E+000
   1   -35   0    0  1.3723501859E+001  1.9931655541E+000  7.9914595062E-002 -1.9915628496E+000
   1   -36   0    0  1.3673514909E+001  1.9943044178E+000  7.9868812201E-002 -1.9927044647E+000
   1   -37   0    0  1.3623527909E+001  1.9954410765E+000  7.9823170507E-002 -1.9938438633E+000
   1   -38   0    0  1.3573540858E+001  1.9965755417E+000  7.9777669124E-002 -1.9949810569E+000
   1   -39   0    0  1.3523553758E+001  1.9977078249E+000  7.9732307203E-002 -1.9961160569E+000
   1   -40   4   29  1.3473566608E+001  1.9988379372E+000  7.9687083902E-002 -1.9972488748E+000
   1   -41   0    0  1.3423579408E+001  1.9999658901E+000  7.9641998389E-002 -1.9983795219E+000
   1   -42   0    0  1.3373592160E+001  2.0010916944E+000  7.9597049837E-002 -1.9995080093E+000
   1   -43   0    0  1.3323604863E+001  2.0022153613E+000  7.9552237427E-002 -2.0006343481E+000
   1   -44   0    0  1.3273617518E+001  2.0033369017E+000  7.9507560350E-002 -2.0017585493E+000
   1   -45   0    0  1.3223630125E+001  2.0044563264E+000  7.9463017801E-002 -2.0028806238E+000
   1   -46   0    0  1.3173642684E+001  2.0055736461E+000  7.9418608983E-002 -2.0040005825E+000
   1   -47   0    0  1.3123655196E+001  2.0066888716E+000  7.9374333108E-002 -2.0051184360E+000
   1   -48   0    0  1.3073667661E+001  2.0078020132E+000  7.9330189394E-002 -2.0062341951E+000
   1   -49   0    0  1.3023680080E+001  2.0089130817E+000  7.9286177065E-002 -2.0073478701E+000
   1   -50   4   30  1.2973692452E+001  2.0100220872E+000  7.9242295353E-002 -2.0084594717E+000
   1   -51   0    0  1.2923704779E+001  2.0111290401E+000  7.9198543496E-002 -2.0095690102E+000
   1   -52   0    0  1.2873717059E+001  2.0122339507E+000  7.9154920740E-002 -2.0106764958E+000
   1   -53   0    0  1.2823729295E+001  2.0133368291E+000  7.9111426337E-002 -2.0117819389E+000
   1   -54   0    0  1.2773741485E+001  2.0144376853E+000  7.9068059545E-002 -2.0128853494E+000
   1   -55   0    0  1.2723753631E+001  2.0155365292E+000  7.9024819630E-002 -2.0139867374E+000
   1   -56   0    0  1.2673765732E+001  2.0166333709E+000  7.8981705862E-002 -2.0150861130E+000
   1   -57   0    0  1.2623777789E+001  2.0177282201E+000  7.8938717520E-002 -2.0161834859E+000
   1   -58   0    0  1.2573789803E+001  2.0188210864E+000  7.8895853887E-002 -2.0172788660E+000
   1   -59   0    0  1.2523801772E+001  2.0199119797E+000  7.8853114254E-002 -2.0183722630E+000
   1   -60   4   31  1.2473813699E+001  2.0210009094E+000  7.8810497917E-002 -2.0194636866E+000
   1   -61   0    0  1.2423825583E+001  2.0220878851E+000  7.8768004179E-002 -2.0205531462E+000
   1   -62   0    0  1.2373837424E+001  2.0231729162E+000  7.8725632348E-002 -2.0216406514E+000
   1   -63   0    0  1.2323849222E+001  2.0242560119E+000  7.8683381738E-002 -2.0227262117E+000
   1   -64   0    0  1.2273860979E+001  2.0253371817E+000  7.8641251669E-002 -2.0238098362E+000
   1   -65   0    0  1.2223872693E+001  2.0264164347E+000  7.8599241469E-002 -2.0248915344E+000
   1   -66   0    0  1.2173884367E+001  2.0274937801E+000  7.8557350467E-002 -2.0259713154E+000
   1   -67   0    0  1.2123895998E+001  2.0285692268E+000  7.8515578001E-002 -2.0270491884E+000
   1   -68   0    0  1.2073907589E+001  2.0296427840E+000  7.8473923415E-002 -2.0281251623E+000
   1   -69   0    0  1.2023919139E+001  2.0307144604E+000  7.8432386057E-002 -2.0291992462E+000
   1   -70   4   32  1.1973930649E+001  2.0317842651E+000  7.8390965281E-002 -2.0302714489E+000
   1   -71   0    0  1.1923942118E+001  2.0328522066E+000  7.8349660445E-002 -2.0313417794E+000
   1   -72   0    0  1.1873953548E+001  2.0339182938E+000  7.8308470915E-002 -2.0324102463E+000
   1   -73   0    0  1.1823964938E+001  2.0349825354E+000  7.8267396060E-002 -2.0334768585E+000
   1   -74   0    0  1.1773976288E+001  2.0360449398E+000  7.8226435256E-002 -2.0345416245E+000
   1   -75   0    0  1.1723987599E+001  2.0371055156E+000  7.8185587883E-002 -2.0356045529E+000
   1   -76   0    0  1.1673998871E+001  2.0381642713E+000  7.8144853326E-002 -2.0366656522E+000
   1   -77   0    0  1.1624010105E+001  2.0392212152E+000  7.8104230975E-002 -2.0377249308E+000
   1   -78   0    0  1.1574021300E+001  2.0402763557E+000  7.8063720227E-002 -2.0387823973E+000
   1   -79   0    0  1.1524032456E+001  2.0413297011E+000  7.8023320481E-002 -2.0398380597E+000
   1   -80   4   33  1.1474043575E+001  2.0423812594E+000  7.7983031142E-002 -2.0408919265E+000
   1   -81   0    0  1.1424054656E+001  2.0434310389E+000  7.7942851621E-002 -2.0419440058E+000
   1   -82   0    0  1.1374065700E+001  2.0444790477E+000  7.7902781333E-002 -2.0429943057E+000
   1   -83   0    0  1.1324076706E+001  2.0455252937E+000  7.7862819696E-002 -2.0440428343E+000
   1   -84   0    0  1.1274087675E+001  2.0465697850E+000  7.7822966136E-002 -2.0450895997E+000
   1   -85   0    0  1.1224098608E+001  2.0476125294E+000  7.7783220081E-002 -2.0461346097E+000
   1   -86   0    0  1.1174109504E+001  2.0486535347E+000  7.7743580964E-002 -2.0471778723E+000
   1   -87   0    0  1.1124120363E+001  2.0496928088E+000  7.7704048223E-002 -2.0482193953E+000
   1   -88   0    0  1.1074131186E+001  2.0507303593E+000  7.7664621301E-002 -2.0492591864E+000
   1   -89   0    0  1.1024141974E+001  2.0517661940E+000  7.7625299645E-002 -2.0502972535E+000
   1   -90   4   34  1.0974152726E+001  2.0528003204E+000  7.7586082705E-002 -2.0513336041E+000
   1   -91   0    0  1.0924163442E+001  2.0538327461E+000  7.7546969938E-002 -2.0523682459E+000
   1   -92   0    0  1.0874174123E+001  2.0548634787E+000  7.7507960803E-002 -2.0534011863E+000
   1   -93   0    0  1.0824184769E+001  2.0558925255E+000  7.7469054764E-002 -2.0544324330E+000
   1   -94   0    0  1.0774195380E+001  2.0569198939E+000  7.7430251289E-002 -2.0554619934E+000
   1   -95   0    0  1.0724205956E+001  2.0579455914E+000  7.7391549851E-002 -2.0564898748E+000
   1   -96   0    0  1.0674216498E+001  2.0589696251E+000  7.7352949926E-002 -2.0575160846E+000
   1   -97   0    0  1.0624227006E+001  2.0599920024E+000  7.7314450995E-002 -2.0585406300E+000
   1   -98   0    0  1.0574237480E+001  2.0610127303E+000  7.7276052543E-002 -2.0595635184E+000
   1   -99   0    0  1.0524247920E+001  2.0620318161E+000  7.7237754057E-002 -2.0605847568E+000
   1  -100   4   35  1.0474258326E+001  2.0630492669E+000  7.7199555031E-002 -2.0616043525E+000
   1  -101   0    0  1.0424268699E+001  2.0640650896E+000  7.7161454961E-002 -2.0626223124E+000
   1  -102   0    0  1.0374279039E+001  2.0650792912E+000  7.7123453347E-002 -2.0636386437E+000
   1  -103   0    0  1.0324289346E+001  2.0660918787E+000  7.7085549693E-002 -2.0646533533E+000
   1  -104   0    0  1.0274299620E+001  2.0671028589E+000  7.7047743507E-002 -2.0656664481E+000
   1  -105   0    0  1.0224309861E+001  2.0681122388E+000  7.7010034301E-002 -2.0666779350E+000
   1  -106   0    0  1.0174320070E+001  2.0691200251E+000  7.6972421590E-002 -2.0676878208E+000
   1  -107   0    0  1.0124330247E+001  2.0701262245E+000  7.6934904893E-002 -2.0686961124E+000
   1  -108   0    0  1.0074340391E+001  2.0711308437E+000  7.6897483732E-002 -2.0697028165E+000
   1  -109   0    0  1.0024350504E+001  2.0721338894E+000  7.6860157634E-002 -2.0707079398E+000
   1  -110   4   36  9.9743605848E+000  2.0731353682E+000  7.6822926128E-002 -2.0717114888E+000
   1  -111   0    0  9.9243706342E+000  2.0741352866E+000  7.6785788747E-002 -2.0727134703E+000
   1  -112   0    0  9.8743806523E+000  2.0751336512E+000  7.6748745029E-002 -2.0737138907E+000
   1  -113   0    0  9.8243906393E+000  2.0761304684E+000  7.6711794514E-002 -2.0747127566E+000
   1  -114   0    0  9.7744005953E+000  2.0771257447E+000  7.6674936745E-002 -2.0757100745E+000
   1  -115   0    0  9.7244105204E+000  2.0781194864E+000  7.6638171268E-002 -2.0767058507E+000
   1  -116   0    0  9.6744204150E+000  2.0791116999E+000  7.6601497635E-002 -2.0777000917E+000
   1  -117   0    0  9.6244302791E+000  2.0801023914E+000  7.6564915399E-002 -2.0786928038E+000
   1  -118   0    0  9.5744401129E+000  2.0810915673E+000  7.6528424117E-002 -2.0796839932E+000
   1  -119   0    0  9.5244499167E+000  2.0820792337E+000  7.6492023348E-002 -2.0806736663E+000
   1  -120   4   37  9.4744596904E+000  2.0830653968E+000  7.6455712657E-002 -2.0816618292E+000
   1  -121   0    0  9.4244694344E+000  2.0840500627E+000  7.6419491610E-002 -2.0826484881E+000
   1  -122   0    0  9.3744791488E+000  2.0850332375E+000  7.6383359776E-002 -2.0836336491E+000
   1  -123   0    0  9.3244888338E+000  2.0860149273E+000  7.6347316729E-002 -2.0846173184E+000
   1  -124   0    0  9.2744984895E+000  2.0869951380E+000  7.6311362043E-002 -2.0855995018E+000
   1  -125   0    0  9.2245081160E+000  2.0879738757E+000  7.6275495299E-002 -2.0865802056E+000
   1  -126   0    0  9.1745177137E+000  2.0889511462E+000  7.6239716078E-002 -2.0875594355E+000
   1  -127   0    0  9.1245272825E+000  2.0899269555E+000  7.6204023966E-002 -2.0885371977E+000
   1  -128   0    0  9.0745368227E+000  2.0909013093E+000  7.6168418549E-002 -2.0895134978E+000
   1  -129   0    0  9.0245463344E+000  2.0918742136E+000  7.6132899419E-002 -2.0904883418E+000
   1  -130   4   38  8.9745558178E+000  2.0928456740E+000  7.6097466170E-002 -2.0914617355E+000
   1  -131   0    0  8.9245652730E+000  2.0938156964E+000  7.6062118399E-002 -2.0924336846E+000
   1  -132   0    0  8.8745747002E+000  2.0947842863E+000  7.6026855705E-002 -2.0934041950E+000
   1  -133   0    0  8.8245840995E+000  2.0957514496E+000  7.5991677690E-002 -2.0943732722E+000
   1  -134   0    0  8.7745934712E+000  2.0967171917E+000  7.5956583960E-002 -2.0953409220E+000
   1  -135   0    0  8.7246028152E+000  2.0976815183E+000  7.5921574122E-002 -2.0963071499E+000
   1  -136   0    0  8.6746121319E+000  2.0986444349E+000  7.5886647788E-002 -2.0972719616E+000
   1  -137   0    0  8.6246214213E+000  2.0996059470E+000  7.5851804571E-002 -2.0982353625E+000
   1  -138   0    0  8.5746306836E+000  2.1005660602E+000  7.5817044087E-002 -2.0991973583E+000
   1  -139   0    0  8.5246399189E+000  2.1015247799E+000  7.5782365954E-002 -2.1001579544E+000
   1  -140   4   39  8.4746491274E+000  2.1024821114E+000  7.5747769795E-002 -2.1011171562E+000
   1  -141   0    0  8.4246583091E+000  2.1034380602E+000  7.5713255233E-002 -2.1020749692E+000
   1  -142   0    0  8.3746674644E+000  2.1043926316E+000  7.5678821896E-002 -2.1030313987E+000
   1  -143   0    0  8.3246765932E+000  2.1053458309E+000  7.5644469412E-002 -2.1039864500E+000
   1  -144   0    0  8.2746856958E+000  2.1062976634E+000  7.5610197413E-002 -2.1049401286E+000
   1  -145   0    0  8.2246947723E+000  2.1072481343E+000  7.5576005534E-002 -2.1058924395E+000
   1  -146   0    0  8.1747038228E+000  2.1081972488E+000  7.5541893411E-002 -2.1068433882E+000
   1  -147   0    0  8.1247128474E+000  2.1091450122E+000  7.5507860684E-002 -2.1077929797E+000
   1  -148   0    0  8.0747218463E+000  2.1100914295E+000  7.5473906995E-002 -2.1087412193E+000
   1  -149   0    0  8.0247308196E+000  2.1110365058E+000  7.5440031988E-002 -2.1096881121E+000
   1  -150   4   40  7.9747397675E+000  2.1119802463E+000  7.5406235309E-002 -2.1106336633E+000
   1  -151   0    0  7.9247486900E+000  2.1129226560E+000  7.5372516608E-002 -2.1115778778E+000
   1  -152   0    0  7.8747575874E+000  2.1138637399E+000  7.5338875536E-002 -2.1125207608E+000
   1  -153   0    0  7.8247664597E+000  2.1148035030E+000  7.5305311748E-002 -2.1134623172E+000
   1  -154   0    0  7.7747753071E+000  2.1157419502E+000  7.5271824898E-002 -2.1144025521E+000
   1  -155   0    0  7.7247841297E+000  2.1166790865E+000  7.5238414645E-002 -2.1153414704E+000
   1  -156   0    0  7.6747929276E+000  2.1176149168E+000  7.5205080651E-002 -2.1162790770E+000
   1  -157   0    0  7.6248017010E+000  2.1185494459E+000  7.5171822578E-002 -2.1172153768E+000
   1  -158   0    0  7.5748104500E+000  2.1194826786E+000  7.5138640091E-002 -2.1181503747E+000
   1  -159   0    0  7.5248191747E+000  2.1204146199E+000  7.5105532858E-002 -2.1190840755E+000
   1  -160   4   41  7.4748278752E+000  2.1213452744E+000  7.5072500548E-002 -2.1200164841E+000
   1  -161   0    0  7.4248365517E+000  2.1222746468E+000  7.5039542834E-002 -2.1209476051E+000
   1  -162   0    0  7.3748452042E+000  2.1232027420E+000  7.5006659389E-002 -2.1218774434E+000
   1  -163   0    0  7.3248538329E+000  2.1241295646E+000  7.4973849889E-002 -2.1228060037E+000
   1  -164   0    0  7.2748624380E+000  2.1250551193E+000  7.4941114014E-002 -2.1237332906E+000
   1  -165   0    0  7.2248710195E+000  2.1259794107E+000  7.4908451442E-002 -2.1246593088E+000
   1  -166   0    0  7.1748795775E+000  2.1269024433E+000  7.4875861857E-002 -2.1255840630E+000
   1  -167   0    0  7.1248881122E+000  2.1278242219E+000  7.4843344943E-002 -2.1265075577E+000
   1  -168   0    0  7.0748966237E+000  2.1287447508E+000  7.4810900387E-002 -2.1274297975E+000
   1  -169   0    0  7.0249051121E+000  2.1296640348E+000  7.4778527877E-002 -2.1283507871E+000
   1  -170   4   42  6.9749135775E+000  2.1305820782E+000  7.4746227104E-002 -2.1292705308E+000
   1  -171   0    0  6.9249220201E+000  2.1314988855E+000  7.4713997761E-002 -2.1301890333E+000
   1  -172   0    0  6.8749304399E+000  2.1324144612E+000  7.4681839543E-002 -2.1311062989E+000
   1  -173   0    0  6.8249388370E+000  2.1333288097E+000  7.4649752145E-002 -2.1320223322E+000
   1  -174   0    0  6.7749472117E+000  2.1342419354E+000  7.4617735267E-002 -2.1329371374E+000
   1  -175   0    0  6.7249555639E+000  2.1351538426E+000  7.4585788609E-002 -2.1338507192E+000
   1  -176   0    0  6.6749638938E+000  2.1360645357E+000  7.4553911874E-002 -2.1347630817E+000
   1  -177   0    0  6.6249722015E+000  2.1369740190E+000  7.4522104765E-002 -2.1356742293E+000
   1  -178   0    0  6.5749804871E+000  2.1378822968E+000  7.4490366989E-002 -2.1365841665E+000
   1  -179   0    0  6.5249887507E+000  2.1387893734E+000  7.4458698255E-002 -2.1374928973E+000
   1  -180   4   43  6.4749969924E+000  2.1396952530E+000  7.4427098271E-002 -2.1384004262E+000
   1  -181   0    0  6.4250052124E+000  2.1405999398E+000  7.4395566751E-002 -2.1393067573E+000
   1  -182   0    0  6.3750134107E+000  2.1415034380E+000  7.4364103406E-002 -2.1402118949E+000
   1  -183   0    0  6.3250215874E+000  2.1424057518E+000  7.4332707953E-002 -2.1411158431E+000
   1  -184   0    0  6.2750297427E+000  2.1433068853E+000  7.4301380109E-002 -2.1420186062E+000
   1  -185   0    0  6.2250378766E+000  2.1442068426E+000  7.4270119593E-002 -2.1429201883E+000
   1  -186   0    0  6.1750459893E+000  2.1451056279E+000  7.4238926126E-002 -2.1438205934E+000
   1  -187   0    0  6.1250540808E+000  2.1460032452E+000  7.4207799429E-002 -2.1447198258E+000
   1  -188   0    0  6.0750621513E+000  2.1468996986E+000  7.4176739227E-002 -2.1456178894E+000
   1  -189   0    0  6.0250702008E+000  2.1477949921E+000  7.4145745247E-002 -2.1465147883E+000
   1  -190   4   44  5.9750782294E+000  2.1486891296E+000  7.4114817215E-002 -2.1474105266E+000
   1  -191   0    0  5.9250862374E+000  2.1495821153E+000  7.4083954861E-002 -2.1483051082E+000
   1  -192   0    0  5.8750942246E+000  2.1504739529E+000  7.4053157916E-002 -2.1491985371E+000
   1  -193   0    0  5.8251021913E+000  2.1513646466E+000  7.4022426112E-002 -2.1500908174E+000
   1  -194   0    0  5.7751101376E+000  2.1522542001E+000  7.3991759184E-002 -2.1509819528E+000
   1  -195   0    0  5.7251180635E+000  2.1531426174E+000  7.3961156867E-002 -2.1518719474E+000
   1  -196   0    0  5.6751259691E+000  2.1540299024E+000  7.3930618900E-002 -2.1527608051E+000
   1  -197   0    0  5.6251338545E+000  2.1549160588E+000  7.3900145020E-002 -2.1536485296E+000
   1  -198   0    0  5.5751417199E+000  2.1558010906E+000  7.3869734970E-002 -2.1545351249E+000
   1  -199   0    0  5.5251495653E+000  2.1566850015E+000  7.3839388491E-002 -2.1554205948E+000
   1  -200   4   45  5.4751573908E+000  2.1575677954E+000  7.3809105327E-002 -2.1563049431E+000
   1  -201   0    0  5.4251651964E+000  2.1584494759E+000  7.3778885223E-002 -2.1571881736E+000
   1  -202   0    0  5.3751729824E+000  2.1593300469E+000  7.3748727927E-002 -2.1580702900E+000
   1  -203   0    0  5.3251807488E+000  2.1602095120E+000  7.3718633186E-002 -2.1589512961E+000
   1  -204   0    0  5.2751884956E+000  2.1610878750E+000  7.3688600752E-002 -2.1598311956E+000
   1  -205   0    0  5.2251962230E+000  2.1619651395E+000  7.3658630374E-002 -2.1607099922E+000
   1  -206   0    0  5.1752039311E+000  2.1628413092E+000  7.3628721807E-002 -2.1615876897E+000
   1  -207   0    0  5.1252116199E+000  2.1637163877E+000  7.3598874805E-002 -2.1624642915E+000
   1  -208   0    0  5.0752192895E+000  2.1645903788E+000  7.3569089123E-002 -2.1633398015E+000
   1  -209   0    0  5.0252269401E+000  2.1654632858E+000  7.3539364519E-002 -2.1642142233E+000
   1  -210   4   46  4.9752345716E+000  2.1663351126E+000  7.3509700752E-002 -2.1650875603E+000
   1  -211   0    0  4.9252421842E+000  2.1672058625E+000  7.3480097583E-002 -2.1659598163E+000
   1  -212   0    0  4.8752497780E+000  2.1680755393E+000  7.3450554772E-002 -2.1668309948E+000
   1  -213   0    0  4.8252573531E+000  2.1689441463E+000  7.3421072083E-002 -2.1677010993E+000
   1  -214   0    0  4.7752649095E+000  2.1698116870E+000  7.3391649280E-002 -2.1685701333E+000
   1  -215   0    0  4.7252724474E+000  2.1706781651E+000  7.3362286130E-002 -2.1694381004E+000
   1  -216   0    0  4.6752799667E+000  2.1715435839E+000  7.3332982399E-002 -2.1703050041E+000
   1  -217   0    0  4.6252874677E+000  2.1724079470E+000  7.3303737856E-002 -2.1711708477E+000
   1  -218   0    0  4.5752949503E+000  2.1732712576E+000  7.3274552271E-002 -2.1720356349E+000
   1  -219   0    0  4.5253024147E+000  2.1741335193E+000  7.3245425415E-002 -2.1728993689E+000
   1  -220   4   47  4.4753098610E+000  2.1749947355E+000  7.3216357062E-002 -2.1737620533E+000
   1  -221   0    0  4.4253172891E+000  2.1758549094E+000  7.3187346984E-002 -2.1746236914E+000
   1  -222   0    0  4.3753246993E+000  2.1767140446E+000  7.3158394958E-002 -2.1754842866E+000
   1  -223   0    0  4.3253320915E+000  2.1775721443E+000  7.3129500760E-002 -2.1763438422E+000
   1  -224   0    0  4.2753394659E+000  2.1784292118E+000  7.3100664167E-002 -2.1772023616E+000
   1  -225   0    0  4.2253468226E+000  2.1792852504E+000  7.3071884959E-002 -2.1780598482E+000
   1  -226   0    0  4.1753541615E+000  2.1801402635E+000  7.3043162917E-002 -2.1789163052E+000
   1  -227   0    0  4.1253614829E+000  2.1809942544E+000  7.3014497822E-002 -2.1797717359E+000
   1  -228   0    0  4.0753687867E+000  2.1818472262E+000  7.2985889456E-002 -2.1806261436E+000
   1  -229   0    0  4.0253760731E+000  2.1826991822E+000  7.2957337605E-002 -2.1814795316E+000
   1  -230   4   48  3.9753833421E+000  2.1835501256E+000  7.2928842053E-002 -2.1823319030E+000
   1  -231   0    0  3.9253905938E+000  2.1844000597E+000  7.2900402587E-002 -2.1831832612E+000
   1  -232   0    0  3.8753978283E+000  2.1852489876E+000  7.2872018996E-002 -2.1840336093E+000
   1  -233   0    0  3.8254050457E+000  2.1860969124E+000  7.2843691067E-002 -2.1848829505E+000
   1  -234   0    0  3.7754122459E+000  2.1869438375E+000  7.2815418592E-002 -2.1857312880E+000
   1  -235   0    0  3.7254194292E+000  2.1877897658E+000  7.2787201362E-002 -2.1865786249E+000
   1  -236   0    0  3.6754265955E+000  2.1886347006E+000  7.2759039170E-002 -2.1874249644E+000
   1  -237   0    0  3.6254337450E+000  2.1894786448E+000  7.2730931808E-002 -2.1882703096E+000
   1  -238   0    0  3.5754408777E+000  2.1903216017E+000  7.2702879073E-002 -2.1891146636E+000
   1  -239   0    0  3.5254479937E+000  2.1911635743E+000  7.2674880761E-002 -2.1899580295E+000
   1  -240   4   49  3.4754550931E+000  2.1920045656E+000  7.2646936667E-002 -2.1908004104E+000
   1  -241   0    0  3.4254621759E+000  2.1928445787E+000  7.2619046592E-002 -2.1916418093E+000
   1  -242   0    0  3.3754692422E+000  2.1936836166E+000  7.2591210335E-002 -2.1924822293E+000
   1  -243   0    0  3.3254762920E+000  2.1945216823E+000  7.2563427695E-002 -2.1933216734E+000
   1  -244   0    0  3.2754833256E+000  2.1953587789E+000  7.2535698476E-002 -2.1941601447E+000
   1  -245   0    0  3.2254903428E+000  2.1961949093E+000  7.2508022479E-002 -2.1949976461E+000
   1  -246   0    0  3.1754973438E+000  2.1970300765E+000  7.2480399509E-002 -2.1958341806E+000
   1  -247   0    0  3.1255043287E+000  2.1978642834E+000  7.2452829370E-002 -2.1966697511E+000
   1  -248   0    0  3.0755112974E+000  2.1986975329E+000  7.2425311870E-002 -2.1975043608E+000
   1  -249   0    0  3.0255182502E+000  2.1995298281E+000  7.2397846814E-002 -2.1983380123E+000
   1  -250   4   50  2.9755251870E+000  2.2003611718E+000  7.2370434011E-002 -2.1991707088E+000
   1  -251   0    0  2.9255321080E+000  2.2011915669E+000  7.2343073271E-002 -2.2000024531E+000
   1  -252   0    0  2.8755390131E+000  2.2020210162E+000  7.2315764404E-002 -2.2008332481E+000
   1  -253   0    0  2.8255459025E+000  2.2028495227E+000  7.2288507221E-002 -2.2016630967E+000
   1  -254   0    0  2.7755527762E+000  2.2036770892E+000  7.2261301534E-002 -2.2024920017E+000
   1  -255   0    0  2.7255596343E+000  2.2045037185E+000  7.2234147158E-002 -2.2033199661E+000
   1  -256   0    0  2.6755664768E+000  2.2053294135E+000  7.2207043905E-002 -2.2041469925E+000
   1  -257   0    0  2.6255733038E+000  2.2061541769E+000  7.2179991593E-002 -2.2049730840E+000
   1  -258   0    0  2.5755801155E+000  2.2069780116E+000  7.2152990036E-002 -2.2057982432E+000
   1  -259   0    0  2.5255869117E+000  2.2078009203E+000  7.2126039054E-002 -2.2066224730E+000
   1  -260   4   51  2.4755936927E+000  2.2086229059E+000  7.2099138463E-002 -2.2074457761E+000
   1  -261   0    0  2.4256004584E+000  2.2094439710E+000  7.2072288084E-002 -2.2082681554E+000
   1  -262   0    0  2.3756072090E+000  2.2102641184E+000  7.2045487737E-002 -2.2090896135E+000
   1  -263   0    0  2.3256139445E+000  2.2110833508E+000  7.2018737243E-002 -2.2099101533E+000
   1  -264   0    0  2.2756206649E+000  2.2119016710E+000  7.1992036425E-002 -2.2107297774E+000
   1  -265   0    0  2.2256273703E+000  2.2127190816E+000  7.1965385105E-002 -2.2115484886E+000
   1  -266   0    0  2.1756340608E+000  2.2135355854E+000  7.1938783108E-002 -2.2123662896E+000
   1  -267   0    0  2.1256407364E+000  2.2143511850E+000  7.1912230259E-002 -2.2131831830E+000
   1  -268   0    0  2.0756473973E+000  2.2151658831E+000  7.1885726384E-002 -2.2139991716E+000
   1  -269   0    0  2.0256540434E+000  2.2159796822E+000  7.1859271310E-002 -2.2148142579E+000
   1  -270   4   52  1.9756606748E+000  2.2167925852E+000  7.1832864865E-002 -2.2156284447E+000
   1  -271   0    0  1.9256672915E+000  2.2176045945E+000  7.1806506878E-002 -2.2164417346E+000
   1  -272   0    0  1.8756738938E+000  2.2184157128E+000  7.1780197178E-002 -2.2172541302E+000
   1  -273   0    0  1.8256804815E+000  2.2192259427E+000  7.1753935596E-002 -2.2180656342E+000
   1  -274   0    0  1.7756870547E+000  2.2200352868E+000  7.1727721964E-002 -2.2188762490E+000
   1  -275   0    0  1.7256936136E+000  2.2208437476E+000  7.1701556113E-002 -2.2196859774E+000
   1  -276   0    0  1.6757001581E+000  2.2216513278E+000  7.1675437878E-002 -2.2204948219E+000
   1  -277   0    0  1.6257066884E+000  2.2224580298E+000  7.1649367092E-002 -2.2213027850E+000
   1  -278   0    0  1.5757132044E+000  2.2232638563E+000  7.1623343590E-002 -2.2221098693E+000
   1  -279   0    0  1.5257197063E+000  2.2240688096E+000  7.1597367208E-002 -2.2229160774E+000
   1  -280   4   53  1.4757261941E+000  2.2248728924E+000  7.1571437783E-002 -2.2237214117E+000
   1  -281   0    0  1.4257326678E+000  2.2256761072E+000  7.1545555153E-002 -2.2245258748E+000
   1  -282   0    0  1.3757391275E+000  2.2264784564E+000  7.1519719155E-002 -2.2253294692E+000
   1  -283   0    0  1.3257455733E+000  2.2272799425E+000  7.1493929629E-002 -2.2261321974E+000
   1  -284   0    0  1.2757520052E+000  2.2280805679E+000  7.1468186416E-002 -2.2269340618E+000
   1  -285   0    0  1.2257584233E+000  2.2288803353E+000  7.1442489355E-002 -2.2277350649E+000
   1  -286   0    0  1.1757648276E+000  2.2296792468E+000  7.1416838289E-002 -2.2285352093E+000
   1  -287   0    0  1.1257712181E+000  2.2304773052E+000  7.1391233060E-002 -2.2293344973E+000
   1  -288   0    0  1.0757775950E+000  2.2312745126E+000  7.1365673512E-002 -2.2301329313E+000
   1  -289   0    0  1.0257839583E+000  2.2320708716E+000  7.1340159489E-002 -2.2309305138E+000
   1  -290   4   54  9.7579030804E-001  2.2328663845E+000  7.1314690835E-002 -2.2317272472E+000
   1  -291   0    0  9.2579664426E-001  2.2336610538E+000  7.1289267397E-002 -2.2325231339E+000
   1  -292   0    0  8.7580296702E-001  2.2344548817E+000  7.1263889020E-002 -2.2333181763E+000
   1  -293   0    0  8.2580927637E-001  2.2352478708E+000  7.1238555553E-002 -2.2341123768E+000
   1  -294   0    0  7.7581557237E-001  2.2360400232E+000  7.1213266843E-002 -2.2349057376E+000
   1  -295   0    0  7.2582185507E-001  2.2368313415E+000  7.1188022739E-002 -2.2356982613E+000
   1  -296   0    0  6.7582812451E-001  2.2376218278E+000  7.1162823091E-002 -2.2364899501E+000
   1  -297   0    0  6.2583438076E-001  2.2384114846E+000  7.1137667749E-002 -2.2372808064E+000
   1  -298   0    0  5.7584062386E-001  2.2392003141E+000  7.1112556564E-002 -2.2380708324E+000
   1  -299   0    0  5.2584685386E-001  2.2399883186E+000  7.1087489388E-002 -2.2388600306E+000
   1  -300   4   55  4.7585307082E-001  2.2407755005E+000  7.1062466074E-002 -2.2396484031E+000
   1  -301   0    0  4.2585927477E-001  2.2415618620E+000  7.1037486474E-002 -2.2404359524E+000
   1  -302   0    0  3.7586546578E-001  2.2423474054E+000  7.1012550444E-002 -2.2412226806E+000
   1  -303   0    0  3.2587164389E-001  2.2431321329E+000  7.0987657838E-002 -2.2420085901E+000
   1  -304   0    0  2.7587780915E-001  2.2439160468E+000  7.0962808512E-002 -2.2427936831E+000
   1  -305   0    0  2.2588396161E-001  2.2446991493E+000  7.0938002321E-002 -2.2435779618E+000
   1  -306   0    0  1.7589010131E-001  2.2454814427E+000  7.0913239123E-002 -2.2443614286E+000
   1  -307   0    0  1.2589622831E-001  2.2462629292E+000  7.0888518775E-002 -2.2451440856E+000
   1  -308   0    0  7.5902342652E-002  2.2470436109E+000  7.0863841137E-002 -2.2459259350E+000
   1  -309   0    0  2.5908444385E-002  2.2478234902E+000  7.0839206066E-002 -2.2467069791E+000
   1  -310   4   56 -2.4085466443E-002  2.2486025691E+000  7.0814613423E-002 -2.2474872201E+000
   1  -311   0    0 -7.4079389785E-002  2.2493808499E+000  7.0790063068E-002 -2.2482666601E+000
   1  -312   0    0 -1.2407332559E-001  2.2501583347E+000  7.0765554862E-002 -2.2490453014E+000
   1  -313   0    0 -1.7406727383E-001  2.2509350258E+000  7.0741088668E-002 -2.2498231461E+000
   1  -314   0    0 -2.2406123443E-001  2.2517109251E+000  7.0716664348E-002 -2.2506001963E+000
   1  -315   0    0 -2.7405520736E-001  2.2524860349E+000  7.0692281764E-002 -2.2513764543E+000
   1  -316   0    0 -3.2404919258E-001  2.2532603574E+000  7.0667940781E-002 -2.2521519221E+000
   1  -317   0    0 -3.7404319003E-001  2.2540338946E+000  7.0643641264E-002 -2.2529266020E+000
   1  -318   0    0 -4.2403719968E-001  2.2548066486E+000  7.0619383077E-002 -2.2537004959E+000
   1  -319   0    0 -4.7403122147E-001  2.2555786216E+000  7.0595166087E-002 -2.2544736061E+000
   1  -320   4   57 -5.2402525536E-001  2.2563498156E+000  7.0570990160E-002 -2.2552459347E+000
   1  -321   0    0 -5.7401930131E-001  2.2571202328E+000  7.0546855163E-002 -2.2560174836E+000
   1  -322   0    0 -6.2401335927E-001  2.2578898752E+000  7.0522760963E-002 -2.2567882551E+000
   1  -323   0    0 -6.7400742920E-001  2.2586587448E+000  7.0498707431E-002 -2.2575582513E+000
   1  -324   0    0 -7.2400151105E-001  2.2594268438E+000  7.0474694433E-002 -2.2583274740E+000
   1  -325   0    0 -7.7399560478E-001  2.2601941742E+000  7.0450721841E-002 -2.2590959256E+000
   1  -326   0    0 -8.2398971035E-001  2.2609607380E+000  7.0426789524E-002 -2.2598636078E+000
   1  -327   0    0 -8.7398382772E-001  2.2617265373E+000  7.0402897354E-002 -2.2606305230E+000
   1  -328   0    0 -9.2397795683E-001  2.2624915740E+000  7.0379045201E-002 -2.2613966729E+000
   1  -329   0    0 -9.7397209765E-001  2.2632558502E+000  7.0355232939E-002 -2.2621620598E+000
   1  -330   4   58 -1.0239662501E+000  2.2640193679E+000  7.0331460440E-002 -2.2629266855E+000
   1  -331   0    0 -1.0739604142E+000  2.2647821292E+000  7.0307727578E-002 -2.2636905522E+000
   1  -332   0    0 -1.1239545899E+000  2.2655441359E+000  7.0284034225E-002 -2.2644536617E+000
   1  -333   0    0 -1.1739487772E+000  2.2663053900E+000  7.0260380258E-002 -2.2652160162E+000
   1  -334   0    0 -1.2239429759E+000  2.2670658937E+000  7.0236765551E-002 -2.2659776175E+000
   1  -335   0    0 -1.2739371861E+000  2.2678256486E+000  7.0213189980E-002 -2.2667384676E+000
   1  -336   0    0 -1.3239314077E+000  2.2685846570E+000  7.0189653422E-002 -2.2674985686E+000
   1  -337   0    0 -1.3739256406E+000  2.2693429206E+000  7.0166155753E-002 -2.2682579223E+000
   1  -338   0    0 -1.4239198850E+000  2.2701004415E+000  7.0142696851E-002 -2.2690165307E+000
   1  -339   0    0 -1.4739141405E+000  2.2708572216E+000  7.0119276593E-002 -2.2697743958E+000
   1  -340   4   59 -1.5239084074E+000  2.2716132627E+000  7.0095894860E-002 -2.2705315194E+000
   1  -341   0    0 -1.5739026855E+000  2.2723685668E+000  7.0072551530E-002 -2.2712879036E+000
   1  -342   0    0 -1.6238969747E+000  2.2731231358E+000  7.0049246483E-002 -2.2720435501E+000
   1  -343   0    0 -1.6738912750E+000  2.2738769716E+000  7.0025979599E-002 -2.2727984610E+000
   1  -344   0    0 -1.7238855865E+000  2.2746300762E+000  7.0002750759E-002 -2.2735526381E+000
   1  -345   0    0 -1.7738799090E+000  2.2753824512E+000  6.9979559845E-002 -2.2743060833E+000
   1  -346   0    0 -1.8238742425E+000  2.2761340987E+000  6.9956406739E-002 -2.2750587985E+000
   1  -347   0    0 -1.8738685870E+000  2.2768850206E+000  6.9933291324E-002 -2.2758107855E+000
   1  -348   0    0 -1.9238629425E+000  2.2776352185E+000  6.9910213482E-002 -2.2765620463E+000
   1  -349   0    0 -1.9738573088E+000  2.2783846945E+000  6.9887173097E-002 -2.2773125827E+000
   1  -350   4   60 -2.0238516860E+000  2.2791334504E+000  6.9864170054E-002 -2.2780623965E+000
   1  -351   0    0 -2.0738460740E+000  2.2798814879E+000  6.9841204237E-002 -2.2788114896E+000
   1  -352   0    0 -2.1238404728E+000  2.2806288090E+000  6.9818275532E-002 -2.2795598638E+000
   1  -353   0    0 -2.1738348823E+000  2.2813754153E+000  6.9795383824E-002 -2.2803075210E+000
   1  -354   0    0 -2.2238293026E+000  2.2821213089E+000  6.9772529001E-002 -2.2810544629E+000
   1  -355   0    0 -2.2738237335E+000  2.2828664913E+000  6.9749710948E-002 -2.2818006914E+000
   1  -356   0    0 -2.3238181751E+000  2.2836109646E+000  6.9726929553E-002 -2.2825462082E+000
   1  -357   0    0 -2.3738126272E+000  2.2843547303E+000  6.9704184704E-002 -2.2832910153E+000
   1  -358   0    0 -2.4238070899E+000  2.2850977904E+000  6.9681476290E-002 -2.2840351143E+000
   1  -359   0    0 -2.4738015631E+000  2.2858401465E+000  6.9658804199E-002 -2.2847785071E+000
   1  -360   4   61 -2.5237960469E+000  2.2865818005E+000  6.9636168321E-002 -2.2855211954E+000
   1  -361   0    0 -2.5737905410E+000  2.2873227541E+000  6.9613568546E-002 -2.2862631810E+000
   1  -362   0    0 -2.6237850456E+000  2.2880630091E+000  6.9591004764E-002 -2.2870044656E+000
   1  -363   0    0 -2.6737795606E+000  2.2888025672E+000  6.9568476866E-002 -2.2877450511E+000
   1  -364   0    0 -2.7237740859E+000  2.2895414302E+000  6.9545984744E-002 -2.2884849391E+000
   1  -365   0    0 -2.7737686215E+000  2.2902795997E+000  6.9523528290E-002 -2.2892241314E+000
   1  -366   0    0 -2.8237631674E+000  2.2910170775E+000  6.9501107396E-002 -2.2899626298E+000
   1  -367   0    0 -2.8737577235E+000  2.2917538654E+000  6.9478721954E-002 -2.2907004358E+000
   1  -368   0    0 -2.9237522898E+000  2.2924899650E+000  6.9456371859E-002 -2.2914375514E+000
   1  -369   0    0 -2.9737468663E+000  2.2932253780E+000  6.9434057004E-002 -2.2921739781E+000
   1  -370   4   62 -3.0237414529E+000  2.2939601062E+000  6.9411777284E-002 -2.2929097178E+000
   1  -371   0    0 -3.0737360496E+000  2.2946941511E+000  6.9389532593E-002 -2.2936447720E+000
   1  -372   0    0 -3.1237306564E+000  2.2954275146E+000  6.9367322827E-002 -2.2943791425E+000
   1  -373   0    0 -3.1737252732E+000  2.2961601983E+000  6.9345147881E-002 -2.2951128309E+000
   1  -374   0    0 -3.2237199000E+000  2.2968922038E+000  6.9323007652E-002 -2.2958458390E+000
   1  -375   0    0 -3.2737145368E+000  2.2976235328E+000  6.9300902036E-002 -2.2965781684E+000
   1  -376   0    0 -3.3237091835E+000  2.2983541870E+000  6.9278830930E-002 -2.2973098207E+000
   1  -377   0    0 -3.3737038401E+000  2.2990841680E+000  6.9256794233E-002 -2.2980407977E+000
   1  -378   0    0 -3.4236985065E+000  2.2998134774E+000  6.9234791841E-002 -2.2987711009E+000
   1  -379   0    0 -3.4736931828E+000  2.3005421169E+000  6.9212823654E-002 -2.2995007321E+000
   1  -380   4   63 -3.5236878689E+000  2.3012700882E+000  6.9190889571E-002 -2.3002296928E+000
   1  -381   0    0 -3.5736825647E+000  2.3019973928E+000  6.9168989491E-002 -2.3009579847E+000
   1  -382   0    0 -3.6236772703E+000  2.3027240324E+000  6.9147123313E-002 -2.3016856094E+000
   1  -383   0    0 -3.6736719855E+000  2.3034500085E+000  6.9125290939E-002 -2.3024125686E+000
   1  -384   0    0 -3.7236667105E+000  2.3041753228E+000  6.9103492268E-002 -2.3031388637E+000
   1  -385   0    0 -3.7736614450E+000  2.3048999769E+000  6.9081727203E-002 -2.3038644966E+000
   1  -386   0    0 -3.8236561892E+000  2.3056239723E+000  6.9059995644E-002 -2.3045894686E+000
   1  -387   0    0 -3.8736509429E+000  2.3063473107E+000  6.9038297493E-002 -2.3053137815E+000
   1  -388   0    0 -3.9236457062E+000  2.3070699937E+000  6.9016632654E-002 -2.3060374368E+000
   1  -389   0    0 -3.9736404790E+000  2.3077920227E+000  6.8995001028E-002 -2.3067604361E+000
   1  -390   4   64 -4.0236352612E+000  2.3085133993E+000  6.8973402520E-002 -2.3074827810E+000
   1  -391   0    0 -4.0736300529E+000  2.3092341252E+000  6.8951837033E-002 -2.3082044730E+000
   1  -392   0    0 -4.1236248540E+000  2.3099542019E+000  6.8930304470E-002 -2.3089255138E+000
   1  -393   0    0 -4.1736196645E+000  2.3106736309E+000  6.8908804738E-002 -2.3096459047E+000
   1  -394   0    0 -4.2236144843E+000  2.3113924138E+000  6.8887337739E-002 -2.3103656475E+000
   1  -395   0    0 -4.2736093135E+000  2.3121105521E+000  6.8865903381E-002 -2.3110847437E+000
   1  -396   0    0 -4.3236041519E+000  2.3128280473E+000  6.8844501569E-002 -2.3118031947E+000
   1  -397   0    0 -4.3735989996E+000  2.3135449010E+000  6.8823132209E-002 -2.3125210021E+000
   1  -398   0    0 -4.4235938565E+000  2.3142611146E+000  6.8801795207E-002 -2.3132381675E+000
   1  -399   0    0 -4.4735887226E+000  2.3149766897E+000  6.8780490470E-002 -2.3139546923E+000
   1  -400   4   65 -4.5235835979E+000  2.3156916278E+000  6.8759217907E-002 -2.3146705781E+000
   1  -401   0    0 -4.5735784824E+000  2.3164059304E+000  6.8737977424E-002 -2.3153858264E+000
   1  -402   0    0 -4.6235733759E+000  2.3171195990E+000  6.8716768931E-002 -2.3161004387E+000
   1  -403   0    0 -4.6735682785E+000  2.3178326351E+000  6.8695592334E-002 -2.3168144164E+000
   1  -404   0    0 -4.7235631902E+000  2.3185450402E+000  6.8674447545E-002 -2.3175277611E+000
   1  -405   0    0 -4.7735581109E+000  2.3192568156E+000  6.8653334471E-002 -2.3182404743E+000
   1  -406   0    0 -4.8235530406E+000  2.3199679630E+000  6.8632253022E-002 -2.3189525574E+000
   1  -407   0    0 -4.8735479792E+000  2.3206784838E+000  6.8611203110E-002 -2.3196640118E+000
   1  -408   0    0 -4.9235429268E+000  2.3213883794E+000  6.8590184643E-002 -2.3203748392E+000
   1  -409   0    0 -4.9735378833E+000  2.3220976513E+000  6.8569197534E-002 -2.3210850409E+000
   1  -410   4   66 -5.0235328486E+000  2.3228063009E+000  6.8548241693E-002 -2.3217946184E+000
   1  -411   0    0 -5.0735278228E+000  2.3235143297E+000  6.8527317032E-002 -2.3225035731E+000
   1  -412   0    0 -5.1235228058E+000  2.3242217391E+000  6.8506423463E-002 -2.3232119065E+000
   1  -413   0    0 -5.1735177977E+000  2.3249285306E+000  6.8485560899E-002 -2.3239196200E+000
   1  -414   0    0 -5.2235127982E+000  2.3256347056E+000  6.8464729252E-002 -2.3246267151E+000
   1  -415   0    0 -5.2735078075E+000  2.3263402655E+000  6.8443928435E-002 -2.3253331932E+000
   1  -416   0    0 -5.3235028256E+000  2.3270452117E+000  6.8423158361E-002 -2.3260390557E+000
   1  -417   0    0 -5.3734978523E+000  2.3277495456E+000  6.8402418946E-002 -2.3267443040E+000
   1  -418   0    0 -5.4234928876E+000  2.3284532687E+000  6.8381710102E-002 -2.3274489396E+000
   1  -419   0    0 -5.4734879316E+000  2.3291563823E+000  6.8361031745E-002 -2.3281529638E+000
   1  -420   4   67 -5.5234829842E+000  2.3298588879E+000  6.8340383789E-002 -2.3288563780E+000
   1  -421   0    0 -5.5734780453E+000  2.3305607868E+000  6.8319766149E-002 -2.3295591837E+000
   1  -422   0    0 -5.6234731150E+000  2.3312620804E+000  6.8299178742E-002 -2.3302613823E+000
   1  -423   0    0 -5.6734681932E+000  2.3319627701E+000  6.8278621483E-002 -2.3309629750E+000
   1  -424   0    0 -5.7234632799E+000  2.3326628573E+000  6.8258094289E-002 -2.3316639634E+000
   1  -425   0    0 -5.7734583751E+000  2.3333623433E+000  6.8237597075E-002 -2.3323643488E+000
   1  -426   0    0 -5.8234534787E+000  2.3340612295E+000  6.8217129760E-002 -2.3330641325E+000
   1  -427   0    0 -5.8734485907E+000  2.3347595173E+000  6.8196692261E-002 -2.3337633159E+000
   1  -428   0    0 -5.9234437111E+000  2.3354572079E+000  6.8176284495E-002 -2.3344619004E+000
   1  -429   0    0 -5.9734388399E+000  2.3361543029E+000  6.8155906380E-002 -2.3351598873E+000
   1  -430   4   68 -6.0234339770E+000  2.3368508035E+000  6.8135557835E-002 -2.3358572781E+000
   1  -431   0    0 -6.0734291224E+000  2.3375467110E+000  6.8115238778E-002 -2.3365540739E+000
   1  -432   0    0 -6.1234242760E+000  2.3382420268E+000  6.8094949129E-002 -2.3372502763E+000
   1  -433   0    0 -6.1734194380E+000  2.3389367522E+000  6.8074688807E-002 -2.3379458864E+000
   1  -434   0    0 -6.2234146081E+000  2.3396308886E+000  6.8054457731E-002 -2.3386409057E+000
   1  -435   0    0 -6.2734097865E+000  2.3403244372E+000  6.8034255822E-002 -2.3393353354E+000
   1  -436   0    0 -6.3234049730E+000  2.3410173995E+000  6.8014082999E-002 -2.3400291770E+000
   1  -437   0    0 -6.3734001677E+000  2.3417097766E+000  6.7993939185E-002 -2.3407224316E+000
   1  -438   0    0 -6.4233953706E+000  2.3424015698E+000  6.7973824299E-002 -2.3414151007E+000
   1  -439   0    0 -6.4733905815E+000  2.3430927806E+000  6.7953738263E-002 -2.3421071854E+000
   1  -440   4   69 -6.5233858005E+000  2.3437834102E+000  6.7933680999E-002 -2.3427986872E+000
   1  -441   0    0 -6.5733810275E+000  2.3444734599E+000  6.7913652428E-002 -2.3434896074E+000
   1  -442   0    0 -6.6233762626E+000  2.3451629309E+000  6.7893652473E-002 -2.3441799471E+000
   1  -443   0    0 -6.6733715057E+000  2.3458518246E+000  6.7873681057E-002 -2.3448697077E+000
   1  -444   0    0 -6.7233667568E+000  2.3465401422E+000  6.7853738102E-002 -2.3455588906E+000
   1  -445   0    0 -6.7733620158E+000  2.3472278850E+000  6.7833823532E-002 -2.3462474968E+000
   1  -446   0    0 -6.8233572828E+000  2.3479150543E+000  6.7813937270E-002 -2.3469355279E+000
   1  -447   0    0 -6.8733525576E+000  2.3486016513E+000  6.7794079240E-002 -2.3476229849E+000
   1  -448   0    0 -6.9233478404E+000  2.3492876773E+000  6.7774249366E-002 -2.3483098692E+000
   1  -449   0    0 -6.9733431310E+000  2.3499731335E+000  6.7754447572E-002 -2.3489961820E+000
   1  -450   4   70 -7.0233384294E+000  2.3506580213E+000  6.7734673784E-002 -2.3496819247E+000
   1  -451   0    0 -7.0733337357E+000  2.3513423418E+000  6.7714927926E-002 -2.3503670983E+000
   1  -452   0    0 -7.1233290497E+000  2.3520260963E+000  6.7695209924E-002 -2.3510517043E+000
   1  -453   0    0 -7.1733243715E+000  2.3527092860E+000  6.7675519704E-002 -2.3517357437E+000
   1  -454   0    0 -7.2233197011E+000  2.3533919121E+000  6.7655857191E-002 -2.3524192180E+000
   1  -455   0    0 -7.2733150384E+000  2.3540739760E+000  6.7636222311E-002 -2.3531021282E+000
   1  -456   0    0 -7.3233103833E+000  2.3547554787E+000  6.7616614991E-002 -2.3537844757E+000
   1  -457   0    0 -7.3733057360E+000  2.3554364216E+000  6.7597035159E-002 -2.3544662616E+000
   1  -458   0    0 -7.4233010962E+000  2.3561168058E+000  6.7577482740E-002 -2.3551474872E+000
   1  -459   0    0 -7.4732964641E+000  2.3567966325E+000  6.7557957663E-002 -2.3558281536E+000
   1  -460   4   71 -7.5232918397E+000  2.3574759030E+000  6.7538459854E-002 -2.3565082622E+000
   1  -461   0    0 -7.5732872227E+000  2.3581546185E+000  6.7518989243E-002 -2.3571878141E+000
   1  -462   0    0 -7.6232826134E+000  2.3588327801E+000  6.7499545757E-002 -2.3578668105E+000
   1  -463   0    0 -7.6732780116E+000  2.3595103891E+000  6.7480129325E-002 -2.3585452526E+000
   1  -464   0    0 -7.7232734173E+000  2.3601874466E+000  6.7460739876E-002 -2.3592231416E+000
   1  -465   0    0 -7.7732688305E+000  2.3608639538E+000  6.7441377339E-002 -2.3599004787E+000
   1  -466   0    0 -7.8232642511E+000  2.3615399120E+000  6.7422041642E-002 -2.3605772650E+000
   1  -467   0    0 -7.8732596792E+000  2.3622153222E+000  6.7402732717E-002 -2.3612535019E+000
   1  -468   0    0 -7.9232551148E+000  2.3628901857E+000  6.7383450492E-002 -2.3619291903E+000
   1  -469   0    0 -7.9732505577E+000  2.3635645036E+000  6.7364194898E-002 -2.3626043316E+000
   1  -470   4   72 -8.0232460080E+000  2.3642382771E+000  6.7344965865E-002 -2.3632789269E+000
   1  -471   0    0 -8.0732414657E+000  2.3649115073E+000  6.7325763325E-002 -2.3639529773E+000
   1  -472   0    0 -8.1232369307E+000  2.3655841955E+000  6.7306587208E-002 -2.3646264841E+000
   1  -473   0    0 -8.1732324030E+000  2.3662563426E+000  6.7287437445E-002 -2.3652994483E+000
   1  -474   0    0 -8.2232278826E+000  2.3669279501E+000  6.7268313968E-002 -2.3659718711E+000
   1  -475   0    0 -8.2732233695E+000  2.3675990188E+000  6.7249216709E-002 -2.3666437537E+000
   1  -476   0    0 -8.3232188636E+000  2.3682695501E+000  6.7230145600E-002 -2.3673150972E+000
   1  -477   0    0 -8.3732143650E+000  2.3689395449E+000  6.7211100573E-002 -2.3679859027E+000
   1  -478   0    0 -8.4232098736E+000  2.3696090046E+000  6.7192081561E-002 -2.3686561715E+000
   1  -479   0    0 -8.4732053894E+000  2.3702779301E+000  6.7173088496E-002 -2.3693259046E+000
   1  -480   4   73 -8.5232009123E+000  2.3709463226E+000  6.7154121312E-002 -2.3699951031E+000
   1  -481   0    0 -8.5731964424E+000  2.3716141833E+000  6.7135179943E-002 -2.3706637682E+000
   1  -482   0    0 -8.6231919796E+000  2.3722815132E+000  6.7116264321E-002 -2.3713319010E+000
   1  -483   0    0 -8.6731875239E+000  2.3729483135E+000  6.7097374380E-002 -2.3719995027E+000
   1  -484   0    0 -8.7231830753E+000  2.3736145852E+000  6.7078510056E-002 -2.3726665743E+000
   1  -485   0    0 -8.7731786338E+000  2.3742803296E+000  6.7059671282E-002 -2.3733331169E+000
   1  -486   0    0 -8.8231741993E+000  2.3749455476E+000  6.7040857992E-002 -2.3739991317E+000
   1  -487   0    0 -8.8731697718E+000  2.3756102404E+000  6.7022070122E-002 -2.3746646198E+000
   1  -488   0    0 -8.9231653514E+000  2.3762744091E+000  6.7003307607E-002 -2.3753295822E+000
   1  -489   0    0 -8.9731609379E+000  2.3769380547E+000  6.6984570382E-002 -2.3759940200E+000
   1  -490   4   74 -9.0231565314E+000  2.3776011784E+000  6.6965858383E-002 -2.3766579344E+000
   1  -491   0    0 -9.0731521318E+000  2.3782637812E+000  6.6947171546E-002 -2.3773213265E+000
   1  -492   0    0 -9.1231477391E+000  2.3789258643E+000  6.6928509806E-002 -2.3779841972E+000
   1  -493   0    0 -9.1731433534E+000  2.3795874286E+000  6.6909873101E-002 -2.3786465478E+000
   1  -494   0    0 -9.2231389745E+000  2.3802484753E+000  6.6891261366E-002 -2.3793083792E+000
   1  -495   0    0 -9.2731346025E+000  2.3809090054E+000  6.6872674539E-002 -2.3799696926E+000
   1  -496   0    0 -9.3231302374E+000  2.3815690200E+000  6.6854112557E-002 -2.3806304889E+000
   1  -497   0    0 -9.3731258791E+000  2.3822285202E+000  6.6835575356E-002 -2.3812907694E+000
   1  -498   0    0 -9.4231215275E+000  2.3828875070E+000  6.6817062875E-002 -2.3819505350E+000
   1  -499   0    0 -9.4731171828E+000  2.3835459815E+000  6.6798575052E-002 -2.3826097868E+000
   1  -500   4   75 -9.5231128448E+000  2.3842039447E+000  6.6780111823E-002 -2.3832685259E+000
   1  -501   0    0 -9.5731085136E+000  2.3848613976E+000  6.6761673128E-002 -2.3839267533E+000
   1  -502   0    0 -9.6231041891E+000  2.3855183414E+000  6.6743258906E-002 -2.3845844700E+000
   1  -503   0    0 -9.6730998714E+000  2.3861747770E+000  6.6724869094E-002 -2.3852416771E+000
   1  -504   0    0 -9.7230955603E+000  2.3868307055E+000  6.6706503631E-002 -2.3858983757E+000
   1  -505   0    0 -9.7730912559E+000  2.3874861280E+000  6.6688162458E-002 -2.3865545668E+000
   1  -506   0    0 -9.8230869581E+000  2.3881410453E+000  6.6669845512E-002 -2.3872102513E+000
   1  -507   0    0 -9.8730826670E+000  2.3887954587E+000  6.6651552735E-002 -2.3878654305E+000
   1  -508   0    0 -9.9230783825E+000  2.3894493691E+000  6.6633284065E-002 -2.3885201052E+000
   1  -509   0    0 -9.9730741046E+000  2.3901027775E+000  6.6615039443E-002 -2.3891742765E+000
   1  -510   4   76 -1.0023069833E+001  2.3907556849E+000  6.6596818809E-002 -2.3898279454E+000
   1  -511   0    0 -1.0073065568E+001  2.3914080924E+000  6.6578622103E-002 -2.3904811129E+000
   1  -512   0    0 -1.0123061310E+001  2.3920600009E+000  6.6560449267E-002 -2.3911337801E+000
   1  -513   0    0 -1.0173057059E+001  2.3927114115E+000  6.6542300241E-002 -2.3917859480E+000
   1  -514   0    0 -1.0223052813E+001  2.3933623252E+000  6.6524174966E-002 -2.3924376175E+000
   1  -515   0    0 -1.0273048575E+001  2.3940127429E+000  6.6506073384E-002 -2.3930887897E+000
   1  -516   0    0 -1.0323044342E+001  2.3946626657E+000  6.6487995436E-002 -2.3937394656E+000
   1  -517   0    0 -1.0373040117E+001  2.3953120946E+000  6.6469941064E-002 -2.3943896461E+000
   1  -518   0    0 -1.0423035897E+001  2.3959610305E+000  6.6451910210E-002 -2.3950393323E+000
   1  -519   0    0 -1.0473031684E+001  2.3966094745E+000  6.6433902817E-002 -2.3956885252E+000
   1  -520   4   77 -1.0523027478E+001  2.3972574275E+000  6.6415918827E-002 -2.3963372257E+000
   1  -521   0    0 -1.0573023278E+001  2.3979048904E+000  6.6397958182E-002 -2.3969854348E+000
   1  -522   0    0 -1.0623019084E+001  2.3985518644E+000  6.6380020825E-002 -2.3976331536E+000
   1  -523   0    0 -1.0673014896E+001  2.3991983503E+000  6.6362106699E-002 -2.3982803829E+000
   1  -524   0    0 -1.0723010715E+001  2.3998443491E+000  6.6344215749E-002 -2.3989271237E+000
   1  -525   0    0 -1.0773006541E+001  2.4004898618E+000  6.6326347916E-002 -2.3995733771E+000
   1  -526   0    0 -1.0823002372E+001  2.4011348894E+000  6.6308503145E-002 -2.4002191441E+000
   1  -527   0    0 -1.0872998210E+001  2.4017794328E+000  6.6290681380E-002 -2.4008644254E+000
   1  -528   0    0 -1.0922994054E+001  2.4024234929E+000  6.6272882565E-002 -2.4015092222E+000
   1  -529   0    0 -1.0972989904E+001  2.4030670708E+000  6.6255106644E-002 -2.4021535354E+000
   1  -530   4   78 -1.1022985761E+001  2.4037101674E+000  6.6237353562E-002 -2.4027973659E+000
   1  -531   0    0 -1.1072981623E+001  2.4043527835E+000  6.6219623262E-002 -2.4034407147E+000
   1  -532   0    0 -1.1122977492E+001  2.4049949203E+000  6.6201915691E-002 -2.4040835828E+000
   1  -533   0    0 -1.1172973367E+001  2.4056365786E+000  6.6184230794E-002 -2.4047259710E+000
   1  -534   0    0 -1.1222969249E+001  2.4062777593E+000  6.6166568515E-002 -2.4053678804E+000
   1  -535   0    0 -1.1272965136E+001  2.4069184634E+000  6.6148928800E-002 -2.4060093119E+000
   1  -536   0    0 -1.1322961029E+001  2.4075586919E+000  6.6131311595E-002 -2.4066502663E+000
   1  -537   0    0 -1.1372956929E+001  2.4081984456E+000  6.6113716845E-002 -2.4072907448E+000
   1  -538   0    0 -1.1422952835E+001  2.4088377255E+000  6.6096144497E-002 -2.4079307481E+000
   1  -539   0    0 -1.1472948746E+001  2.4094765325E+000  6.6078594498E-002 -2.4085702772E+000
   1  -540   4   79 -1.1522944664E+001  2.4101148675E+000  6.6061066792E-002 -2.4092093330E+000
   1  -541   0    0 -1.1572940588E+001  2.4107527315E+000  6.6043561328E-002 -2.4098479165E+000
   1  -542   0    0 -1.1622936518E+001  2.4113901254E+000  6.6026078052E-002 -2.4104860285E+000
   1  -543   0    0 -1.1672932454E+001  2.4120270500E+000  6.6008616910E-002 -2.4111236701E+000
   1  -544   0    0 -1.1722928396E+001  2.4126635063E+000  6.5991177851E-002 -2.4117608421E+000
   1  -545   0    0 -1.1772924344E+001  2.4132994953E+000  6.5973760822E-002 -2.4123975453E+000
   1  -546   0    0 -1.1822920298E+001  2.4139350177E+000  6.5956365770E-002 -2.4130337808E+000
   1  -547   0    0 -1.1872916258E+001  2.4145700745E+000  6.5938992642E-002 -2.4136695495E+000
   1  -548   0    0 -1.1922912223E+001  2.4152046666E+000  6.5921641388E-002 -2.4143048521E+000
   1  -549   0    0 -1.1972908195E+001  2.4158387950E+000  6.5904311955E-002 -2.4149396897E+000
   1  -550   4   80 -1.2022904172E+001  2.4164724604E+000  6.5887004291E-002 -2.4155740631E+000
   1  -551   0    0 -1.2072900156E+001  2.4171056638E+000  6.5869718345E-002 -2.4162079733E+000
   1  -552   0    0 -1.2122896145E+001  2.4177384061E+000  6.5852454065E-002 -2.4168414211E+000
   1  -553   0    0 -1.2172892140E+001  2.4183706881E+000  6.5835211401E-002 -2.4174744073E+000
   1  -554   0    0 -1.2222888141E+001  2.4190025108E+000  6.5817990302E-002 -2.4181069330E+000
   1  -555   0    0 -1.2272884148E+001  2.4196338749E+000  6.5800790716E-002 -2.4187389989E+000
   1  -556   0    0 -1.2322880161E+001  2.4202647815E+000  6.5783612594E-002 -2.4193706060E+000
   1  -557   0    0 -1.2372876179E+001  2.4208952313E+000  6.5766455884E-002 -2.4200017550E+000
   1  -558   0    0 -1.2422872203E+001  2.4215252253E+000  6.5749320537E-002 -2.4206324470E+000
   1  -559   0    0 -1.2472868233E+001  2.4221547643E+000  6.5732206502E-002 -2.4212626828E+000
   1  -560   4   81 -1.2522864269E+001  2.4227838491E+000  6.5715113730E-002 -2.4218924632E+000
   1  -561   0    0 -1.2572860310E+001  2.4234124807E+000  6.5698042170E-002 -2.4225217892E+000
   1  -562   0    0 -1.2622856358E+001  2.4240406599E+000  6.5680991774E-002 -2.4231506615E+000
   1  -563   0    0 -1.2672852410E+001  2.4246683875E+000  6.5663962492E-002 -2.4237790810E+000
   1  -564   0    0 -1.2722848469E+001  2.4252956644E+000  6.5646954275E-002 -2.4244070486E+000
   1  -565   0    0 -1.2772844533E+001  2.4259224915E+000  6.5629967073E-002 -2.4250345652E+000
   1  -566   0    0 -1.2822840603E+001  2.4265488696E+000  6.5613000838E-002 -2.4256616315E+000
   1  -567   0    0 -1.2872836678E+001  2.4271747996E+000  6.5596055521E-002 -2.4262882486E+000
   1  -568   0    0 -1.2922832760E+001  2.4278002822E+000  6.5579131074E-002 -2.4269144171E+000
   1  -569   0    0 -1.2972828846E+001  2.4284253184E+000  6.5562227448E-002 -2.4275401379E+000
   1  -570   4   82 -1.3022824939E+001  2.4290499090E+000  6.5545344595E-002 -2.4281654120E+000
   1  -571   0    0 -1.3072821036E+001  2.4296740547E+000  6.5528482467E-002 -2.4287902401E+000
   1  -572   0    0 -1.3122817140E+001  2.4302977566E+000  6.5511641017E-002 -2.4294146230E+000
   1  -573   0    0 -1.3172813249E+001  2.4309210153E+000  6.5494820196E-002 -2.4300385616E+000
   1  -574   0    0 -1.3222809364E+001  2.4315438317E+000  6.5478019956E-002 -2.4306620568E+000
   1  -575   0    0 -1.3272805484E+001  2.4321662067E+000  6.5461240252E-002 -2.4312851093E+000
   1  -576   0    0 -1.3322801609E+001  2.4327881410E+000  6.5444481035E-002 -2.4319077200E+000
   1  -577   0    0 -1.3372797740E+001  2.4334096355E+000  6.5427742258E-002 -2.4325298898E+000
   1  -578   0    0 -1.3422793877E+001  2.4340306910E+000  6.5411023875E-002 -2.4331516193E+000
   1  -579   0    0 -1.3472790019E+001  2.4346513083E+000  6.5394325838E-002 -2.4337729095E+000
   1  -580   4   83 -1.3522786166E+001  2.4352714883E+000  6.5377648102E-002 -2.4343937612E+000
   1  -581   0    0 -1.3572782319E+001  2.4358912317E+000  6.5360990619E-002 -2.4350141752E+000
   1  -582   0    0 -1.3622778478E+001  2.4365105393E+000  6.5344353344E-002 -2.4356341523E+000
   1  -583   0    0 -1.3672774642E+001  2.4371294120E+000  6.5327736230E-002 -2.4362536932E+000
   1  -584   0    0 -1.3722770811E+001  2.4377478506E+000  6.5311139232E-002 -2.4368727989E+000
   1  -585   0    0 -1.3772766985E+001  2.4383658558E+000  6.5294562304E-002 -2.4374914702E+000
   1  -586   0    0 -1.3822763165E+001  2.4389834285E+000  6.5278005400E-002 -2.4381097077E+000
   1  -587   0    0 -1.3872759351E+001  2.4396005695E+000  6.5261468474E-002 -2.4387275123E+000
   1  -588   0    0 -1.3922755541E+001  2.4402172795E+000  6.5244951482E-002 -2.4393448849E+000
   1  -589   0    0 -1.3972751737E+001  2.4408335594E+000  6.5228454377E-002 -2.4399618262E+000
   1  -590   4   84 -1.4022747938E+001  2.4414494099E+000  6.5211977116E-002 -2.4405783370E+000
   1  -591   0    0 -1.4072744145E+001  2.4420648318E+000  6.5195519654E-002 -2.4411944181E+000
   1  -592   0    0 -1.4122740357E+001  2.4426798259E+000  6.5179081944E-002 -2.4418100703E+000
   1  -593   0    0 -1.4172736574E+001  2.4432943931E+000  6.5162663944E-002 -2.4424252943E+000
   1  -594   0    0 -1.4222732796E+001  2.4439085340E+000  6.5146265609E-002 -2.4430400910E+000
   1  -595   0    0 -1.4272729024E+001  2.4445222494E+000  6.5129886893E-002 -2.4436544612E+000
   1  -596   0    0 -1.4322725257E+001  2.4451355402E+000  6.5113527754E-002 -2.4442684055E+000
   1  -597   0    0 -1.4372721495E+001  2.4457484070E+000  6.5097188148E-002 -2.4448819249E+000
   1  -598   0    0 -1.4422717739E+001  2.4463608508E+000  6.5080868029E-002 -2.4454950200E+000
   1  -599   0    0 -1.4472713987E+001  2.4469728722E+000  6.5064567356E-002 -2.4461076917E+000
   1  -600   4   85 -1.4522710241E+001  2.4475844719E+000  6.5048286084E-002 -2.4467199406E+000
   1  -601   0    0 -1.4572706500E+001  2.4481956509E+000  6.5032024169E-002 -2.4473317676E+000
   1  -602   0    0 -1.4622702764E+001  2.4488064098E+000  6.5015781569E-002 -2.4479431735E+000
   1  -603   0    0 -1.4672699033E+001  2.4494167494E+000  6.4999558241E-002 -2.4485541590E+000
   1  -604   0    0 -1.4722695307E+001  2.4500266704E+000  6.4983354141E-002 -2.4491647248E+000
   1  -605   0    0 -1.4772691587E+001  2.4506361736E+000  6.4967169227E-002 -2.4497748718E+000
   1  -606   0    0 -1.4822687871E+001  2.4512452598E+000  6.4951003457E-002 -2.4503846006E+000
   1  -607   0    0 -1.4872684161E+001  2.4518539297E+000  6.4934856786E-002 -2.4509939120E+000
   1  -608   0    0 -1.4922680456E+001  2.4524621840E+000  6.4918729174E-002 -2.4516028069E+000
   1  -609   0    0 -1.4972676755E+001  2.4530700236E+000  6.4902620578E-002 -2.4522112859E+000
   1  -610   4   86 -1.5022673060E+001  2.4536774491E+000  6.4886530956E-002 -2.4528193497E+000
   1  -611   0    0 -1.5072669370E+001  2.4542844613E+000  6.4870460265E-002 -2.4534269992E+000
   1  -612   0    0 -1.5122665685E+001  2.4548910609E+000  6.4854408465E-002 -2.4540342350E+000
   1  -613   0    0 -1.5172662005E+001  2.4554972487E+000  6.4838375513E-002 -2.4546410579E+000
   1  -614   0    0 -1.5222658330E+001  2.4561030253E+000  6.4822361367E-002 -2.4552474687E+000
   1  -615   0    0 -1.5272654660E+001  2.4567083917E+000  6.4806365987E-002 -2.4558534681E+000
   1  -616   0    0 -1.5322650995E+001  2.4573133483E+000  6.4790389332E-002 -2.4564590567E+000
   1  -617   0    0 -1.5372647335E+001  2.4579178961E+000  6.4774431359E-002 -2.4570642355E+000
   1  -618   0    0 -1.5422643680E+001  2.4585220357E+000  6.4758492027E-002 -2.4576690049E+000
   1  -619   0    0 -1.5472640030E+001  2.4591257679E+000  6.4742571297E-002 -2.4582733659E+000
   1  -620   4   87 -1.5522636384E+001  2.4597290933E+000  6.4726669128E-002 -2.4588773192E+000
   1  -621   0    0 -1.5572632744E+001  2.4603320127E+000  6.4710785477E-002 -2.4594808653E+000
   1  -622   0    0 -1.5622629109E+001  2.4609345268E+000  6.4694920307E-002 -2.4600840052E+000
   1  -623   0    0 -1.5672625478E+001  2.4615366364E+000  6.4679073574E-002 -2.4606867394E+000
   1  -624   0    0 -1.5722621852E+001  2.4621383420E+000  6.4663245241E-002 -2.4612890688E+000
   1  -625   0    0 -1.5772618232E+001  2.4627396446E+000  6.4647435266E-002 -2.4618909940E+000
   1  -626   0    0 -1.5822614616E+001  2.4633405447E+000  6.4631643609E-002 -2.4624925157E+000
   1  -627   0    0 -1.5872611005E+001  2.4639410431E+000  6.4615870231E-002 -2.4630936346E+000
   1  -628   0    0 -1.5922607398E+001  2.4645411404E+000  6.4600115093E-002 -2.4636943516E+000
   1  -629   0    0 -1.5972603797E+001  2.4651408374E+000  6.4584378153E-002 -2.4642946671E+000
   1  -630   4   88 -1.6022600200E+001  2.4657401348E+000  6.4568659374E-002 -2.4648945821E+000
   1  -631   0    0 -1.6072596609E+001  2.4663390333E+000  6.4552958715E-002 -2.4654940971E+000
   1  -632   0    0 -1.6122593022E+001  2.4669375336E+000  6.4537276138E-002 -2.4660932129E+000
   1  -633   0    0 -1.6172589440E+001  2.4675356364E+000  6.4521611603E-002 -2.4666919302E+000
   1  -634   0    0 -1.6222585862E+001  2.4681333423E+000  6.4505965071E-002 -2.4672902496E+000
   1  -635   0    0 -1.6272582289E+001  2.4687306521E+000  6.4490336504E-002 -2.4678881719E+000
   1  -636   0    0 -1.6322578721E+001  2.4693275665E+000  6.4474725863E-002 -2.4684856978E+000
   1  -637   0    0 -1.6372575158E+001  2.4699240861E+000  6.4459133110E-002 -2.4690828279E+000
   1  -638   0    0 -1.6422571600E+001  2.4705202116E+000  6.4443558205E-002 -2.4696795630E+000
   1  -639   0    0 -1.6472568046E+001  2.4711159437E+000  6.4428001111E-002 -2.4702759036E+000
   1  -640   4   89 -1.6522564497E+001  2.4717112832E+000  6.4412461789E-002 -2.4708718506E+000
   1  -641   0    0 -1.6572560953E+001  2.4723062306E+000  6.4396940202E-002 -2.4714674046E+000
   1  -642   0    0 -1.6622557413E+001  2.4729007867E+000  6.4381436311E-002 -2.4720625662E+000
   1  -643   0    0 -1.6672553878E+001  2.4734949521E+000  6.4365950078E-002 -2.4726573362E+000
   1  -644   0    0 -1.6722550347E+001  2.4740887275E+000  6.4350481466E-002 -2.4732517152E+000
   1  -645   0    0 -1.6772546822E+001  2.4746821136E+000  6.4335030437E-002 -2.4738457040E+000
   1  -646   0    0 -1.6822543301E+001  2.4752751110E+000  6.4319596954E-002 -2.4744393031E+000
   1  -647   0    0 -1.6872539784E+001  2.4758677205E+000  6.4304180980E-002 -2.4750325132E+000
   1  -648   0    0 -1.6922536272E+001  2.4764599426E+000  6.4288782476E-002 -2.4756253351E+000
   1  -649   0    0 -1.6972532765E+001  2.4770517781E+000  6.4273401407E-002 -2.4762177694E+000
   1  -650   4   90 -1.7022529262E+001  2.4776432277E+000  6.4258037734E-002 -2.4768098167E+000
   1  -651   0    0 -1.7072525764E+001  2.4782342919E+000  6.4242691422E-002 -2.4774014778E+000
   1  -652   0    0 -1.7122522271E+001  2.4788249714E+000  6.4227362432E-002 -2.4779927532E+000
   1  -653   0    0 -1.7172518782E+001  2.4794152669E+000  6.4212050730E-002 -2.4785836436E+000
   1  -654   0    0 -1.7222515297E+001  2.4800051791E+000  6.4196756277E-002 -2.4791741498E+000
   1  -655   0    0 -1.7272511817E+001  2.4805947086E+000  6.4181479038E-002 -2.4797642723E+000
   1  -656   0    0 -1.7322508342E+001  2.4811838561E+000  6.4166218976E-002 -2.4803540118E+000
   1  -657   0    0 -1.7372504871E+001  2.4817726222E+000  6.4150976056E-002 -2.4809433690E+000
   1  -658   0    0 -1.7422501405E+001  2.4823610075E+000  6.4135750241E-002 -2.4815323445E+000
   1  -659   0    0 -1.7472497943E+001  2.4829490127E+000  6.4120541494E-002 -2.4821209390E+000
   1  -660   4   91 -1.7522494486E+001  2.4835366385E+000  6.4105349781E-002 -2.4827091531E+000
   1  -661   0    0 -1.7572491033E+001  2.4841238855E+000  6.4090175065E-002 -2.4832969874E+000
   1  -662   0    0 -1.7622487584E+001  2.4847107543E+000  6.4075017311E-002 -2.4838844427E+000
   1  -663   0    0 -1.7672484140E+001  2.4852972456E+000  6.4059876484E-002 -2.4844715195E+000
   1  -664   0    0 -1.7722480701E+001  2.4858833599E+000  6.4044752547E-002 -2.4850582184E+000
   1  -665   0    0 -1.7772477265E+001  2.4864690981E+000  6.4029645465E-002 -2.4856445402E+000
   1  -666   0    0 -1.7822473835E+001  2.4870544606E+000  6.4014555204E-002 -2.4862304855E+000
   1  -667   0    0 -1.7872470408E+001  2.4876394482E+000  6.3999481729E-002 -2.4868160548E+000
   1  -668   0    0 -1.7922466987E+001  2.4882240614E+000  6.3984425003E-002 -2.4874012489E+000
   1  -669   0    0 -1.7972463569E+001  2.4888083009E+000  6.3969384993E-002 -2.4879860683E+000
   1  -670   4   92 -1.8022460156E+001  2.4893921672E+000  6.3954361664E-002 -2.4885705138E+000
   1  -671   0    0 -1.8072456747E+001  2.4899756612E+000  6.3939354980E-002 -2.4891545858E+000
   1  -672   0    0 -1.8122453343E+001  2.4905587832E+000  6.3924364908E-002 -2.4897382851E+000
   1  -673   0    0 -1.8172449943E+001  2.4911415341E+000  6.3909391413E-002 -2.4903216123E+000
   1  -674   0    0 -1.8222446547E+001  2.4917239143E+000  6.3894434461E-002 -2.4909045679E+000
   1  -675   0    0 -1.8272443156E+001  2.4923059246E+000  6.3879494016E-002 -2.4914871527E+000
   1  -676   0    0 -1.8322439768E+001  2.4928875655E+000  6.3864570047E-002 -2.4920693672E+000
   1  -677   0    0 -1.8372436386E+001  2.4934688377E+000  6.3849662517E-002 -2.4926512121E+000
   1  -678   0    0 -1.8422433007E+001  2.4940497417E+000  6.3834771394E-002 -2.4932326879E+000
   1  -679   0    0 -1.8472429633E+001  2.4946302782E+000  6.3819896643E-002 -2.4938137953E+000
   1  -680   4   93 -1.8522426263E+001  2.4952104478E+000  6.3805038231E-002 -2.4943945349E+000
   1  -681   0    0 -1.8572422897E+001  2.4957902511E+000  6.3790196124E-002 -2.4949749073E+000
   1  -682   0    0 -1.8622419536E+001  2.4963696887E+000  6.3775370289E-002 -2.4955549132E+000
   1  -683   0    0 -1.8672416179E+001  2.4969487612E+000  6.3760560692E-002 -2.4961345530E+000
   1  -684   0    0 -1.8722412826E+001  2.4975274692E+000  6.3745767300E-002 -2.4967138275E+000
   1  -685   0    0 -1.8772409477E+001  2.4981058133E+000  6.3730990079E-002 -2.4972927372E+000
   1  -686   0    0 -1.8822406133E+001  2.4986837942E+000  6.3716228998E-002 -2.4978712828E+000
   1  -687   0    0 -1.8872402793E+001  2.4992614124E+000  6.3701484022E-002 -2.4984494648E+000
   1  -688   0    0 -1.8922399457E+001  2.4998386685E+000  6.3686755119E-002 -2.4990272839E+000
   1  -689   0    0 -1.8972396125E+001  2.5004155631E+000  6.3672042255E-002 -2.4996047406E+000
   1  -690   4   94 -1.9022392797E+001  2.5009920968E+000  6.3657345399E-002 -2.5001818355E+000
   1  -691   0    0 -1.9072389474E+001  2.5015682702E+000  6.3642664518E-002 -2.5007585692E+000
   1  -692   0    0 -1.9122386154E+001  2.5021440839E+000  6.3627999579E-002 -2.5013349424E+000
   1  -693   0    0 -1.9172382839E+001  2.5027195385E+000  6.3613350549E-002 -2.5019109556E+000
   1  -694   0    0 -1.9222379528E+001  2.5032946345E+000  6.3598717397E-002 -2.5024866094E+000
   1  -695   0    0 -1.9272376221E+001  2.5038693726E+000  6.3584100090E-002 -2.5030619044E+000
   1  -696   0    0 -1.9322372919E+001  2.5044437534E+000  6.3569498596E-002 -2.5036368412E+000
   1  -697   0    0 -1.9372369620E+001  2.5050177773E+000  6.3554912884E-002 -2.5042114204E+000
   1  -698   0    0 -1.9422366325E+001  2.5055914451E+000  6.3540342920E-002 -2.5047856425E+000
   1  -699   0    0 -1.9472363035E+001  2.5061647573E+000  6.3525788674E-002 -2.5053595081E+000
   1  -700   4   95 -1.9522359749E+001  2.5067377144E+000  6.3511250113E-002 -2.5059330178E+000
   1  -701   0    0 -1.9572356466E+001  2.5073103171E+000  6.3496727206E-002 -2.5065061723E+000
   1  -702   0    0 -1.9622353188E+001  2.5078825659E+000  6.3482219922E-002 -2.5070789720E+000
   1  -703   0    0 -1.9672349914E+001  2.5084544613E+000  6.3467728229E-002 -2.5076514176E+000
   1  -704   0    0 -1.9722346644E+001  2.5090260041E+000  6.3453252095E-002 -2.5082235096E+000
   1  -705   0    0 -1.9772343378E+001  2.5095971947E+000  6.3438791490E-002 -2.5087952486E+000
   1  -706   0    0 -1.9822340116E+001  2.5101680336E+000  6.3424346381E-002 -2.5093666351E+000
   1  -707   0    0 -1.9872336858E+001  2.5107385216E+000  6.3409916739E-002 -2.5099376698E+000
   1  -708   0    0 -1.9922333604E+001  2.5113086591E+000  6.3395502532E-002 -2.5105083532E+000
   1  -709   0    0 -1.9972330354E+001  2.5118784467E+000  6.3381103730E-002 -2.5110786859E+000
   1  -710   9   96 -2.0022327108E+001  2.5124478850E+000  6.3366720301E-002 -2.5116486684E+000
