     1    10     4    26     1     1       1     3       6    1    0   14    0    2    1    0
      0.0000000000E+000  8.1096201378E-002 -1.9625449276E+000
    4
      9.9971036804E-001
      9.9384650923E-004  2.4045634158E-002
      1.0000000000E+000 -5.0000000000E+000  1.0000000000E+000  1.4961561330E+001  0.0000000000E+000  0.0000000000E+000  0.0000000000E+000
      0.0000000000E+000  0.0000000000E+000  0.0000000000E+000  0.0000000000E+000  0.0000000000E+000  0.0000000000E+000  3.9999999992E+000
     1    20     4    27     1     1       1     3       6    1    0   14    0    2    1    0
      0.0000000000E+000  8.0618886209E-002 -1.9741644439E+000
    4
      9.9972161272E-001
      9.6329872303E-004  2.3574806081E-002
      1.0000000000E+000 -5.0000000000E+000  1.0000000000E+000  1.4473299759E+001  0.0000000000E+000  0.0000000000E+000  0.0000000000E+000
      0.0000000000E+000  0.0000000000E+000  0.0000000000E+000  0.0000000000E+000  0.0000000000E+000  0.0000000000E+000  3.9999999992E+000
     1    30     4    28     1     1       1     3       6    1    0   14    0    2    1    0
      0.0000000000E+000  8.0145657445E-002 -1.9858211129E+000
    4
      9.9973264967E-001
      9.3296628451E-004  2.3103265679E-002
      1.0000000000E+000 -5.0000000000E+000  1.0000000000E+000  1.3973435833E+001  0.0000000000E+000  0.0000000000E+000  0.0000000000E+000
      0.0000000000E+000  0.0000000000E+000  0.0000000000E+000  0.0000000000E+000  0.0000000000E+000  0.0000000000E+000  3.9999999992E+000
     1    40     4    29     1     1       1     3       6    1    0   14    0    2    1    0
      0.0000000000E+000  7.9687083902E-002 -1.9972488748E+000
    4
      9.9974290364E-001
      9.0446591889E-004  2.2656356028E-002
      1.0000000000E+000 -5.0000000000E+000  1.0000000000E+000  1.3473566608E+001  0.0000000000E+000  0.0000000000E+000  0.0000000000E+000
      0.0000000000E+000  0.0000000000E+000  0.0000000000E+000  0.0000000000E+000  0.0000000000E+000  0.0000000000E+000  3.9999999992E+000
     1    50     4    30     1     1       1     3       6    1    0   14    0    2    1    0
      0.0000000000E+000  7.9242295353E-002 -2.0084594717E+000
    4
      9.9975245353E-001
      8.7763415519E-004  2.2232029554E-002
      1.0000000000E+000 -5.0000000000E+000  1.0000000000E+000  1.2973692452E+001  0.0000000000E+000  0.0000000000E+000  0.0000000000E+000
      0.0000000000E+000  0.0000000000E+000  0.0000000000E+000  0.0000000000E+000  0.0000000000E+000  0.0000000000E+000  3.9999999992E+000
     1    60     4    31     1     1       1     3       6    1    0   14    0    2    1    0
      0.0000000000E+000  7.8810497917E-002 -2.0194636866E+000
    4
      9.9976136806E-001
      8.5232665112E-004  2.1828468506E-002
      1.0000000000E+000 -5.0000000000E+000  1.0000000000E+000  1.2473813699E+001  0.0000000000E+000  0.0000000000E+000  0.0000000000E+000
      0.0000000000E+000  0.0000000000E+000  0.0000000000E+000  0.0000000000E+000  0.0000000000E+000  0.0000000000E+000  3.9999999992E+000
     1    70     4    32     1     1       1     3       6    1    0   14    0    2    1    0
      0.0000000000E+000  7.8390965281E-002 -2.0302714489E+000
    4
      9.9976970736E-001
      8.2841544830E-004  2.1444052860E-002
      1.0000000000E+000 -5.0000000000E+000  1.0000000000E+000  1.1973930649E+001  0.0000000000E+000  0.0000000000E+000  0.0000000000E+000
      0.0000000000E+000  0.0000000000E+000  0.0000000000E+000  0.0000000000E+000  0.0000000000E+000  0.0000000000E+000  3.9999999992E+000
     1    80     4    33     1     1       1     3       6    1    0   14    0    2    1    0
      0.0000000000E+000  7.7983031142E-002 -2.0408919265E+000
    4
      9.9977752426E-001
      8.0578669011E-004  2.1077333549E-002
      1.0000000000E+000 -5.0000000000E+000  1.0000000000E+000  1.1474043575E+001  0.0000000000E+000  0.0000000000E+000  0.0000000000E+000
      0.0000000000E+000  0.0000000000E+000  0.0000000000E+000  0.0000000000E+000  0.0000000000E+000  0.0000000000E+000  3.9999999992E+000
     1    90     4    34     1     1       1     3       6    1    0   14    0    2    1    0
      0.0000000000E+000  7.7586082705E-002 -2.0513336041E+000
    4
      9.9978486539E-001
      7.8433871351E-004  2.0727009975E-002
      1.0000000000E+000 -5.0000000000E+000  1.0000000000E+000  1.0974152726E+001  0.0000000000E+000  0.0000000000E+000  0.0000000000E+000
      0.0000000000E+000  0.0000000000E+000  0.0000000000E+000  0.0000000000E+000  0.0000000000E+000  0.0000000000E+000  3.9999999992E+000
     1   100     4    35     1     1       1     3       6    1    0   14    0    2    1    0
      0.0000000000E+000  7.7199555031E-002 -2.0616043525E+000
    4
      9.9979177201E-001
      7.6398044462E-004  2.0391911043E-002
      1.0000000000E+000 -5.0000000000E+000  1.0000000000E+000  1.0474258326E+001  0.0000000000E+000  0.0000000000E+000  0.0000000000E+000
      0.0000000000E+000  0.0000000000E+000  0.0000000000E+000  0.0000000000E+000  0.0000000000E+000  0.0000000000E+000  3.9999999992E+000
     1   110     4    36     1     1       1     3       6    1    0   14    0    2    1    0
      0.0000000000E+000  7.6822926128E-002 -2.0717114888E+000
    4
      9.9979828082E-001
      7.4463004286E-004  2.0070979064E-002
      1.0000000000E+000 -5.0000000000E+000  1.0000000000E+000  9.9743605848E+000  0.0000000000E+000  0.0000000000E+000  0.0000000000E+000
      0.0000000000E+000  0.0000000000E+000  0.0000000000E+000  0.0000000000E+000  0.0000000000E+000  0.0000000000E+000  3.9999999992E+000
     1   120     4    37     1     1       1     3       6    1    0   14    0    2    1    0
      0.0000000000E+000  7.6455712657E-002 -2.0816618292E+000
    4
      9.9980442450E-001
      7.2621374966E-004  1.9763256041E-002
      1.0000000000E+000 -5.0000000000E+000  1.0000000000E+000  9.4744596904E+000  0.0000000000E+000  0.0000000000E+000  0.0000000000E+000
      0.0000000000E+000  0.0000000000E+000  0.0000000000E+000  0.0000000000E+000  0.0000000000E+000  0.0000000000E+000  3.9999999992E+000
     1   130     4    38     1     1       1     3       6    1    0   14    0    2    1    0
      0.0000000000E+000  7.6097466170E-002 -2.0914617355E+000
    4
      9.9981023229E-001
      7.0866490639E-004  1.9467871923E-002
      1.0000000000E+000 -5.0000000000E+000  1.0000000000E+000  8.9745558178E+000  0.0000000000E+000  0.0000000000E+000  0.0000000000E+000
      0.0000000000E+000  0.0000000000E+000  0.0000000000E+000  0.0000000000E+000  0.0000000000E+000  0.0000000000E+000  3.9999999992E+000
     1   140     4    39     1     1       1     3       6    1    0   14    0    2    1    0
      0.0000000000E+000  7.5747769795E-002 -2.1011171562E+000
    4
      9.9981573044E-001
      6.9192311302E-004  1.9184034508E-002
      1.0000000000E+000 -5.0000000000E+000  1.0000000000E+000  8.4746491274E+000  0.0000000000E+000  0.0000000000E+000  0.0000000000E+000
      0.0000000000E+000  0.0000000000E+000  0.0000000000E+000  0.0000000000E+000  0.0000000000E+000  0.0000000000E+000  3.9999999992E+000
     1   150     4    40     1     1       1     3       6    1    0   14    0    2    1    0
      0.0000000000E+000  7.5406235309E-002 -2.1106336633E+000
    4
      9.9982094254E-001
      6.7593350443E-004  1.8911020727E-002
      1.0000000000E+000 -5.0000000000E+000  1.0000000000E+000  7.9747397675E+000  0.0000000000E+000  0.0000000000E+000  0.0000000000E+000
      0.0000000000E+000  0.0000000000E+000  0.0000000000E+000  0.0000000000E+000  0.0000000000E+000  0.0000000000E+000  3.9999999992E+000
     1   160     4    41     1     1       1     3       6    1    0   14    0    2    1    0
      0.0000000000E+000  7.5072500548E-002 -2.1200164841E+000
    4
      9.9982588985E-001
      6.6064612553E-004  1.8648169089E-002
      1.0000000000E+000 -5.0000000000E+000  1.0000000000E+000  7.4748278752E+000  0.0000000000E+000  0.0000000000E+000  0.0000000000E+000
      0.0000000000E+000  0.0000000000E+000  0.0000000000E+000  0.0000000000E+000  0.0000000000E+000  0.0000000000E+000  3.9999999992E+000
     1   170     4    42     1     1       1     3       6    1    0   14    0    2    1    0
      0.0000000000E+000  7.4746227104E-002 -2.1292705308E+000
    4
      9.9983059162E-001
      6.4601538970E-004  1.8394873111E-002
      1.0000000000E+000 -5.0000000000E+000  1.0000000000E+000  6.9749135775E+000  0.0000000000E+000  0.0000000000E+000  0.0000000000E+000
      0.0000000000E+000  0.0000000000E+000  0.0000000000E+000  0.0000000000E+000  0.0000000000E+000  0.0000000000E+000  3.9999999992E+000
     1   180     4    43     1     1       1     3       6    1    0   14    0    2    1    0
      0.0000000000E+000  7.4427098271E-002 -2.1384004262E+000
    4
      9.9983506528E-001
      6.3199960778E-004  1.8150575585E-002
      1.0000000000E+000 -5.0000000000E+000  1.0000000000E+000  6.4749969924E+000  0.0000000000E+000  0.0000000000E+000  0.0000000000E+000
      0.0000000000E+000  0.0000000000E+000  0.0000000000E+000  0.0000000000E+000  0.0000000000E+000  0.0000000000E+000  3.9999999992E+000
     1   190     4    44     1     1       1     3       6    1    0   14    0    2    1    0
      0.0000000000E+000  7.4114817215E-002 -2.1474105266E+000
    4
      9.9983932668E-001
      6.1856057713E-004  1.7914763555E-002
      1.0000000000E+000 -5.0000000000E+000  1.0000000000E+000  5.9750782294E+000  0.0000000000E+000  0.0000000000E+000  0.0000000000E+000
      0.0000000000E+000  0.0000000000E+000  0.0000000000E+000  0.0000000000E+000  0.0000000000E+000  0.0000000000E+000  3.9999999992E+000
     1   200     4    45     1     1       1     3       6    1    0   14    0    2    1    0
      0.0000000000E+000  7.3809105327E-002 -2.1563049431E+000
    4
      9.9984339023E-001
      6.0566322191E-004  1.7686963909E-002
      1.0000000000E+000 -5.0000000000E+000  1.0000000000E+000  5.4751573908E+000  0.0000000000E+000  0.0000000000E+000  0.0000000000E+000
      0.0000000000E+000  0.0000000000E+000  0.0000000000E+000  0.0000000000E+000  0.0000000000E+000  0.0000000000E+000  3.9999999992E+000
     1   210     4    46     1     1       1     3       6    1    0   14    0    2    1    0
      0.0000000000E+000  7.3509700752E-002 -2.1650875603E+000
    4
      9.9984726909E-001
      5.9327527723E-004  1.7466739494E-002
      1.0000000000E+000 -5.0000000000E+000  1.0000000000E+000  4.9752345716E+000  0.0000000000E+000  0.0000000000E+000  0.0000000000E+000
      0.0000000000E+000  0.0000000000E+000  0.0000000000E+000  0.0000000000E+000  0.0000000000E+000  0.0000000000E+000  3.9999999992E+000
     1   220     4    47     1     1       1     3       6    1    0   14    0    2    1    0
      0.0000000000E+000  7.3216357062E-002 -2.1737620533E+000
    4
      9.9985097529E-001
      5.8136701114E-004  1.7253685683E-002
      1.0000000000E+000 -5.0000000000E+000  1.0000000000E+000  4.4753098610E+000  0.0000000000E+000  0.0000000000E+000  0.0000000000E+000
      0.0000000000E+000  0.0000000000E+000  0.0000000000E+000  0.0000000000E+000  0.0000000000E+000  0.0000000000E+000  3.9999999992E+000
     1   230     4    48     1     1       1     3       6    1    0   14    0    2    1    0
      0.0000000000E+000  7.2928842053E-002 -2.1823319030E+000
    4
      9.9985451984E-001
      5.6991097904E-004  1.7047427336E-002
      1.0000000000E+000 -5.0000000000E+000  1.0000000000E+000  3.9753833421E+000  0.0000000000E+000  0.0000000000E+000  0.0000000000E+000
      0.0000000000E+000  0.0000000000E+000  0.0000000000E+000  0.0000000000E+000  0.0000000000E+000  0.0000000000E+000  3.9999999992E+000
     1   240     4    49     1     1       1     3       6    1    0   14    0    2    1    0
      0.0000000000E+000  7.2646936667E-002 -2.1908004104E+000
    4
      9.9985791284E-001
      5.5888180643E-004  1.6847616096E-002
      1.0000000000E+000 -5.0000000000E+000  1.0000000000E+000  3.4754550931E+000  0.0000000000E+000  0.0000000000E+000  0.0000000000E+000
      0.0000000000E+000  0.0000000000E+000  0.0000000000E+000  0.0000000000E+000  0.0000000000E+000  0.0000000000E+000  3.9999999992E+000
     1   250     4    50     1     1       1     3       6    1    0   14    0    2    1    0
      0.0000000000E+000  7.2370434011E-002 -2.1991707088E+000
    4
      9.9986116359E-001
      5.4825599598E-004  1.6653927988E-002
      1.0000000000E+000 -5.0000000000E+000  1.0000000000E+000  2.9755251870E+000  0.0000000000E+000  0.0000000000E+000  0.0000000000E+000
      0.0000000000E+000  0.0000000000E+000  0.0000000000E+000  0.0000000000E+000  0.0000000000E+000  0.0000000000E+000  3.9999999992E+000
     1   260     4    51     1     1       1     3       6    1    0   14    0    2    1    0
      0.0000000000E+000  7.2099138463E-002 -2.2074457761E+000
    4
      9.9986428065E-001
      5.3801175595E-004  1.6466061269E-002
      1.0000000000E+000 -5.0000000000E+000  1.0000000000E+000  2.4755936927E+000  0.0000000000E+000  0.0000000000E+000  0.0000000000E+000
      0.0000000000E+000  0.0000000000E+000  0.0000000000E+000  0.0000000000E+000  0.0000000000E+000  0.0000000000E+000  3.9999999992E+000
     1   270     4    52     1     1       1     3       6    1    0   14    0    2    1    0
      0.0000000000E+000  7.1832864865E-002 -2.2156284447E+000
    4
      9.9986727189E-001
      5.2812884722E-004  1.6283734514E-002
      1.0000000000E+000 -5.0000000000E+000  1.0000000000E+000  1.9756606748E+000  0.0000000000E+000  0.0000000000E+000  0.0000000000E+000
      0.0000000000E+000  0.0000000000E+000  0.0000000000E+000  0.0000000000E+000  0.0000000000E+000  0.0000000000E+000  3.9999999992E+000
     1   280     4    53     1     1       1     3       6    1    0   14    0    2    1    0
      0.0000000000E+000  7.1571437783E-002 -2.2237214117E+000
    4
      9.9987014461E-001
      5.1858844654E-004  1.6106684888E-002
      1.0000000000E+000 -5.0000000000E+000  1.0000000000E+000  1.4757261941E+000  0.0000000000E+000  0.0000000000E+000  0.0000000000E+000
      0.0000000000E+000  0.0000000000E+000  0.0000000000E+000  0.0000000000E+000  0.0000000000E+000  0.0000000000E+000  3.9999999992E+000
     1   290     4    54     1     1       1     3       6    1    0   14    0    2    1    0
      0.0000000000E+000  7.1314690835E-002 -2.2317272472E+000
    4
      9.9987290554E-001
      5.0937302405E-004  1.5934666602E-002
      1.0000000000E+000 -5.0000000000E+000  1.0000000000E+000  9.7579030804E-001  0.0000000000E+000  0.0000000000E+000  0.0000000000E+000
      0.0000000000E+000  0.0000000000E+000  0.0000000000E+000  2.5315183488E+001  0.0000000000E+000  0.0000000000E+000  3.9999999992E+000
     1   300     4    55     1     1       1     3       6    1    0   14    0    2    1    0
      0.0000000000E+000  7.1062466074E-002 -2.2396484031E+000
    4
      9.9987556093E-001
      5.0046623344E-004  1.5767449522E-002
      1.0000000000E+000 -5.0000000000E+000  1.0000000000E+000  4.7585307082E-001  0.0000000000E+000  0.0000000000E+000  0.0000000000E+000
      0.0000000000E+000  0.0000000000E+000  0.0000000000E+000  1.7311582038E+001  0.0000000000E+000  0.0000000000E+000  3.9999999992E+000
     1   310     4    56     1     1       1     3       6    1    0   14    0    2    1    0
      0.0000000000E+000  7.0814613423E-002 -2.2474872201E+000
    4
      9.9987811657E-001
      4.9185281308E-004  1.5604817910E-002
      1.0000000000E+000 -5.0000000000E+000  1.0000000000E+000 -2.4085466443E-002  0.0000000000E+000  0.0000000000E+000  0.0000000000E+000
      0.0000000000E+000  0.0000000000E+000  0.0000000000E+000  1.4001268191E+001  0.0000000000E+000  0.0000000000E+000  3.9999999992E+000
     1   320     4    57     1     1       1     3       6    1    0   14    0    2    1    0
      0.0000000000E+000  7.0570990160E-002 -2.2552459347E+000
    4
      9.9988057785E-001
      4.8351849703E-004  1.5446569294E-002
      1.0000000000E+000 -5.0000000000E+000  1.0000000000E+000 -5.2402525536E-001  0.0000000000E+000  0.0000000000E+000  0.0000000000E+000
      0.0000000000E+000  0.0000000000E+000  0.0000000000E+000  1.2079141869E+001  0.0000000000E+000  0.0000000000E+000  3.9999999992E+000
     1   330     4    58     1     1       1     3       6    1    0   14    0    2    1    0
      0.0000000000E+000  7.0331460440E-002 -2.2629266855E+000
    4
      9.9988294976E-001
      4.7544993465E-004  1.5292513432E-002
      1.0000000000E+000 -5.0000000000E+000  1.0000000000E+000 -1.0239662501E+000  0.0000000000E+000  0.0000000000E+000  0.0000000000E+000
      0.0000000000E+000  0.0000000000E+000  0.0000000000E+000  1.0786450657E+001  0.0000000000E+000  0.0000000000E+000  3.9999999992E+000
     1   340     4    59     1     1       1     3       6    1    0   14    0    2    1    0
      0.0000000000E+000  7.0095894860E-002 -2.2705315194E+000
    4
      9.9988523696E-001
      4.6763461795E-004  1.5142471389E-002
      1.0000000000E+000 -5.0000000000E+000  1.0000000000E+000 -1.5239084074E+000  0.0000000000E+000  0.0000000000E+000  0.0000000000E+000
      0.0000000000E+000  0.0000000000E+000  0.0000000000E+000  9.8413636968E+000  0.0000000000E+000  0.0000000000E+000  3.9999999992E+000
     1   350     4    60     1     1       1     3       6    1    0   14    0    2    1    0
      0.0000000000E+000  6.9864170054E-002 -2.2780623965E+000
    4
      9.9988744382E-001
      4.6006081579E-004  1.4996274683E-002
      1.0000000000E+000 -5.0000000000E+000  1.0000000000E+000 -2.0238516860E+000  0.0000000000E+000  0.0000000000E+000  0.0000000000E+000
      0.0000000000E+000  0.0000000000E+000  0.0000000000E+000  9.1119652539E+000  0.0000000000E+000  0.0000000000E+000  3.9999999992E+000
     1   360     4    61     1     1       1     3       6    1    0   14    0    2    1    0
      0.0000000000E+000  6.9636168321E-002 -2.2855211954E+000
    4
      9.9988957437E-001
      4.5271751413E-004  1.4853764516E-002
      1.0000000000E+000 -5.0000000000E+000  1.0000000000E+000 -2.5237960469E+000  0.0000000000E+000  0.0000000000E+000  0.0000000000E+000
      0.0000000000E+000  0.0000000000E+000  0.0000000000E+000  8.5272014378E+000  0.0000000000E+000  0.0000000000E+000  3.9999999992E+000
     1   370     4    62     1     1       1     3       6    1    0   14    0    2    1    0
      0.0000000000E+000  6.9411777284E-002 -2.2929097178E+000
    4
      9.9989163241E-001
      4.4559436181E-004  1.4714791076E-002
      1.0000000000E+000 -5.0000000000E+000  1.0000000000E+000 -3.0237414529E+000  0.0000000000E+000  0.0000000000E+000  0.0000000000E+000
      0.0000000000E+000  0.0000000000E+000  0.0000000000E+000  8.0449701066E+000  0.0000000000E+000  0.0000000000E+000  3.9999999992E+000
     1   380     4    63     1     1       1     3       6    1    0   14    0    2    1    0
      0.0000000000E+000  6.9190889571E-002 -2.3002296928E+000
    4
      9.9989362149E-001
      4.3868162115E-004  1.4579212889E-002
      1.0000000000E+000 -5.0000000000E+000  1.0000000000E+000 -3.5236878689E+000  0.0000000000E+000  0.0000000000E+000  0.0000000000E+000
      0.0000000000E+000  0.0000000000E+000  0.0000000000E+000  7.6385320285E+000  0.0000000000E+000  0.0000000000E+000  3.9999999992E+000
     1   390     4    64     1     1       1     3       6    1    0   14    0    2    1    0
      0.0000000000E+000  6.8973402520E-002 -2.3074827810E+000
    4
      9.9989554493E-001
      4.3197012295E-004  1.4446896235E-002
      1.0000000000E+000 -5.0000000000E+000  1.0000000000E+000 -4.0236352612E+000  0.0000000000E+000  0.0000000000E+000  0.0000000000E+000
      0.0000000000E+000  0.0000000000E+000  0.0000000000E+000  7.2899831526E+000  0.0000000000E+000  0.0000000000E+000  3.9999999992E+000
     1   400     4    65     1     1       1     3       6    1    0   14    0    2    1    0
      0.0000000000E+000  6.8759217907E-002 -2.3146705781E+000
    4
      9.9989740584E-001
      4.2545122534E-004  1.4317714616E-002
      1.0000000000E+000 -5.0000000000E+000  1.0000000000E+000 -4.5235835979E+000  0.0000000000E+000  0.0000000000E+000  0.0000000000E+000
      0.0000000000E+000  0.0000000000E+000  0.0000000000E+000  6.9868249696E+000  0.0000000000E+000  0.0000000000E+000  3.9999999992E+000
     1   410     4    66     1     1       1     3       6    1    0   14    0    2    1    0
      0.0000000000E+000  6.8548241693E-002 -2.3217946184E+000
    4
      9.9989920715E-001
      4.1911677632E-004  1.4191548257E-002
      1.0000000000E+000 -5.0000000000E+000  1.0000000000E+000 -5.0235328486E+000  0.0000000000E+000  0.0000000000E+000  0.0000000000E+000
      0.0000000000E+000  0.0000000000E+000  0.0000000000E+000  6.7200330528E+000  0.0000000000E+000  0.0000000000E+000  3.9999999992E+000
     1   420     4    67     1     1       1     3       6    1    0   14    0    2    1    0
      0.0000000000E+000  6.8340383789E-002 -2.3288563780E+000
    4
      9.9990095160E-001
      4.1295907928E-004  1.4068283657E-002
      1.0000000000E+000 -5.0000000000E+000  1.0000000000E+000 -5.5234829842E+000  0.0000000000E+000  0.0000000000E+000  0.0000000000E+000
      0.0000000000E+000  0.0000000000E+000  0.0000000000E+000  6.4829070591E+000  0.0000000000E+000  0.0000000000E+000  3.9999999992E+000
     1   430     4    68     1     1       1     3       6    1    0   14    0    2    1    0
      0.0000000000E+000  6.8135557835E-002 -2.3358572781E+000
    4
      9.9990264177E-001
      4.0697086155E-004  1.3947813174E-002
      1.0000000000E+000 -5.0000000000E+000  1.0000000000E+000 -6.0234339770E+000  0.0000000000E+000  0.0000000000E+000  0.0000000000E+000
      0.0000000000E+000  0.0000000000E+000  0.0000000000E+000  6.2703541604E+000  0.0000000000E+000  0.0000000000E+000  3.9999999992E+000
     1   440     4    69     1     1       1     3       6    1    0   14    0    2    1    0
      0.0000000000E+000  6.7933680999E-002 -2.3427986872E+000
    4
      9.9990428010E-001
      4.0114524546E-004  1.3830034645E-002
      1.0000000000E+000 -5.0000000000E+000  1.0000000000E+000 -6.5233858005E+000  0.0000000000E+000  0.0000000000E+000  0.0000000000E+000
      0.0000000000E+000  0.0000000000E+000  0.0000000000E+000  6.0784251584E+000  0.0000000000E+000  0.0000000000E+000  3.9999999992E+000
     1   450     4    70     1     1       1     3       6    1    0   14    0    2    1    0
      0.0000000000E+000  6.7734673784E-002 -2.3496819247E+000
    4
      9.9990586886E-001
      3.9547572174E-004  1.3714851029E-002
      1.0000000000E+000 -5.0000000000E+000  1.0000000000E+000 -7.0233384294E+000  0.0000000000E+000  0.0000000000E+000  0.0000000000E+000
      0.0000000000E+000  0.0000000000E+000  0.0000000000E+000  5.9040043411E+000  0.0000000000E+000  0.0000000000E+000  3.9999999992E+000
     1   460     4    71     1     1       1     3       6    1    0   14    0    2    1    0
      0.0000000000E+000  6.7538459854E-002 -2.3565082622E+000
    4
      9.9990741023E-001
      3.8995612512E-004  1.3602170085E-002
      1.0000000000E+000 -5.0000000000E+000  1.0000000000E+000 -7.5232918397E+000  0.0000000000E+000  0.0000000000E+000  0.0000000000E+000
      0.0000000000E+000  0.0000000000E+000  0.0000000000E+000  5.7445962927E+000  0.0000000000E+000  0.0000000000E+000  3.9999999992E+000
     1   470     4    72     1     1       1     3       6    1    0   14    0    2    1    0
      0.0000000000E+000  6.7344965865E-002 -2.3632789269E+000
    4
      9.9990890622E-001
      3.8458061176E-004  1.3491904072E-002
      1.0000000000E+000 -5.0000000000E+000  1.0000000000E+000 -8.0232460080E+000  0.0000000000E+000  0.0000000000E+000  0.0000000000E+000
      0.0000000000E+000  0.0000000000E+000  0.0000000000E+000  5.5981757641E+000  0.0000000000E+000  0.0000000000E+000  3.9999999992E+000
     1   480     4    73     1     1       1     3       6    1    0   14    0    2    1    0
      0.0000000000E+000  6.7154121312E-002 -2.3699951031E+000
    4
      9.9991035877E-001
      3.7934363853E-004  1.3383969471E-002
      1.0000000000E+000 -5.0000000000E+000  1.0000000000E+000 -8.5232009123E+000  0.0000000000E+000  0.0000000000E+000  0.0000000000E+000
      0.0000000000E+000  0.0000000000E+000  0.0000000000E+000  5.4630796507E+000  0.0000000000E+000  0.0000000000E+000  3.9999999992E+000
     1   490     4    74     1     1       1     3       6    1    0   14    0    2    1    0
      0.0000000000E+000  6.6965858383E-002 -2.3766579344E+000
    4
      9.9991176969E-001
      3.7423994378E-004  1.3278286726E-002
      1.0000000000E+000 -5.0000000000E+000  1.0000000000E+000 -9.0231565314E+000  0.0000000000E+000  0.0000000000E+000  0.0000000000E+000
      0.0000000000E+000  0.0000000000E+000  0.0000000000E+000  5.3379278585E+000  0.0000000000E+000  0.0000000000E+000  3.9999999992E+000
     1   500     4    75     1     1       1     3       6    1    0   14    0    2    1    0
      0.0000000000E+000  6.6780111823E-002 -2.3832685259E+000
    4
      9.9991314069E-001
      3.6926452969E-004  1.3174780011E-002
      1.0000000000E+000 -5.0000000000E+000  1.0000000000E+000 -9.5231128448E+000  0.0000000000E+000  0.0000000000E+000  0.0000000000E+000
      0.0000000000E+000  0.0000000000E+000  0.0000000000E+000  5.2215642762E+000  0.0000000000E+000  0.0000000000E+000  3.9999999992E+000
     1   510     4    76     1     1       1     3       6    1    0   14    0    2    1    0
      0.0000000000E+000  6.6596818809E-002 -2.3898279454E+000
    4
      9.9991447340E-001
      3.6441264582E-004  1.3073377002E-002
      1.0000000000E+000 -5.0000000000E+000  1.0000000000E+000 -1.0023069833E+001  0.0000000000E+000  0.0000000000E+000  0.0000000000E+000
      0.0000000000E+000  0.0000000000E+000  0.0000000000E+000  5.1130121777E+000  0.0000000000E+000  0.0000000000E+000  3.9999999992E+000
     1   520     4    77     1     1       1     3       6    1    0   14    0    2    1    0
      0.0000000000E+000  6.6415918827E-002 -2.3963372257E+000
    4
      9.9991576937E-001
      3.5967977398E-004  1.2974008679E-002
      1.0000000000E+000 -5.0000000000E+000  1.0000000000E+000 -1.0523027478E+001  0.0000000000E+000  0.0000000000E+000  0.0000000000E+000
      0.0000000000E+000  0.0000000000E+000  0.0000000000E+000  5.0114399685E+000  0.0000000000E+000  0.0000000000E+000  3.9999999992E+000
     1   530     4    78     1     1       1     3       6    1    0   14    0    2    1    0
      0.0000000000E+000  6.6237353562E-002 -2.4027973659E+000
    4
      9.9991703004E-001
      3.5506161413E-004  1.2876609131E-002
      1.0000000000E+000 -5.0000000000E+000  1.0000000000E+000 -1.1022985761E+001  0.0000000000E+000  0.0000000000E+000  0.0000000000E+000
      0.0000000000E+000  0.0000000000E+000  0.0000000000E+000  4.9161346172E+000  0.0000000000E+000  0.0000000000E+000  3.9999999992E+000
     1   540     4    79     1     1       1     3       6    1    0   14    0    2    1    0
      0.0000000000E+000  6.6061066792E-002 -2.4092093330E+000
    4
      9.9991825680E-001
      3.5055407132E-004  1.2781115379E-002
      1.0000000000E+000 -5.0000000000E+000  1.0000000000E+000 -1.1522944664E+001  0.0000000000E+000  0.0000000000E+000  0.0000000000E+000
      0.0000000000E+000  0.0000000000E+000  0.0000000000E+000  4.8264807975E+000  0.0000000000E+000  0.0000000000E+000  3.9999999992E+000
     1   550     4    80     1     1       1     3       6    1    0   14    0    2    1    0
      0.0000000000E+000  6.5887004291E-002 -2.4155740631E+000
    4
      9.9991945098E-001
      3.4615324357E-004  1.2687467212E-002
      1.0000000000E+000 -5.0000000000E+000  1.0000000000E+000 -1.2022904172E+001  0.0000000000E+000  0.0000000000E+000  0.0000000000E+000
      0.0000000000E+000  0.0000000000E+000  0.0000000000E+000  4.7419443470E+000  0.0000000000E+000  0.0000000000E+000  3.9999999992E+000
     1   560     4    81     1     1       1     3       6    1    0   14    0    2    1    0
      0.0000000000E+000  6.5715113730E-002 -2.4218924632E+000
    4
      9.9992061380E-001
      3.4185541062E-004  1.2595607033E-002
      1.0000000000E+000 -5.0000000000E+000  1.0000000000E+000 -1.2522864269E+001  0.0000000000E+000  0.0000000000E+000  0.0000000000E+000
      0.0000000000E+000  0.0000000000E+000  0.0000000000E+000  4.6620590104E+000  0.0000000000E+000  0.0000000000E+000  3.9999999992E+000
     1   570     4    82     1     1       1     3       6    1    0   14    0    2    1    0
      0.0000000000E+000  6.5545344595E-002 -2.4281654120E+000
    4
      9.9992174646E-001
      3.3765702340E-004  1.2505479714E-002
      1.0000000000E+000 -5.0000000000E+000  1.0000000000E+000 -1.3022824939E+001  0.0000000000E+000  0.0000000000E+000  0.0000000000E+000
      0.0000000000E+000  0.0000000000E+000  0.0000000000E+000  4.5864157389E+000  0.0000000000E+000  0.0000000000E+000  3.9999999992E+000
     1   580     4    83     1     1       1     3       6    1    0   14    0    2    1    0
      0.0000000000E+000  6.5377648102E-002 -2.4343937612E+000
    4
      9.9992285009E-001
      3.3355469431E-004  1.2417032463E-002
      1.0000000000E+000 -5.0000000000E+000  1.0000000000E+000 -1.3522786166E+001  0.0000000000E+000  0.0000000000E+000  0.0000000000E+000
      0.0000000000E+000  0.0000000000E+000  0.0000000000E+000  4.5146540003E+000  0.0000000000E+000  0.0000000000E+000  3.9999999992E+000
     1   590     4    84     1     1       1     3       6    1    0   14    0    2    1    0
      0.0000000000E+000  6.5211977116E-002 -2.4405783370E+000
    4
      9.9992392575E-001
      3.2954518805E-004  1.2330214700E-002
      1.0000000000E+000 -5.0000000000E+000  1.0000000000E+000 -1.4022747938E+001  0.0000000000E+000  0.0000000000E+000  0.0000000000E+000
      0.0000000000E+000  0.0000000000E+000  0.0000000000E+000  4.4464546069E+000  0.0000000000E+000  0.0000000000E+000  3.9999999992E+000
     1   600     4    85     1     1       1     3       6    1    0   14    0    2    1    0
      0.0000000000E+000  6.5048286084E-002 -2.4467199406E+000
    4
      9.9992497446E-001
      3.2562541319E-004  1.2244977935E-002
      1.0000000000E+000 -5.0000000000E+000  1.0000000000E+000 -1.4522710241E+001  0.0000000000E+000  0.0000000000E+000  0.0000000000E+000
      0.0000000000E+000  0.0000000000E+000  0.0000000000E+000  4.3815338483E+000  0.0000000000E+000  0.0000000000E+000  3.9999999992E+000
     1   610     4    86     1     1       1     3       6    1    0   14    0    2    1    0
      0.0000000000E+000  6.4886530956E-002 -2.4528193497E+000
    4
      9.9992599721E-001
      3.2179241420E-004  1.2161275664E-002
      1.0000000000E+000 -5.0000000000E+000  1.0000000000E+000 -1.5022673060E+001  0.0000000000E+000  0.0000000000E+000  0.0000000000E+000
      0.0000000000E+000  0.0000000000E+000  0.0000000000E+000  4.3196385613E+000  0.0000000000E+000  0.0000000000E+000  3.9999999992E+000
     1   620     4    87     1     1       1     3       6    1    0   14    0    2    1    0
      0.0000000000E+000  6.4726669128E-002 -2.4588773192E+000
    4
      9.9992699491E-001
      3.1804336407E-004  1.2079063262E-002
      1.0000000000E+000 -5.0000000000E+000  1.0000000000E+000 -1.5522636384E+001  0.0000000000E+000  0.0000000000E+000  0.0000000000E+000
      0.0000000000E+000  0.0000000000E+000  0.0000000000E+000  4.2605420511E+000  0.0000000000E+000  0.0000000000E+000  3.9999999992E+000
     1   630     4    88     1     1       1     3       6    1    0   14    0    2    1    0
      0.0000000000E+000  6.4568659374E-002 -2.4648945821E+000
    4
      9.9992796845E-001
      3.1437555735E-004  1.1998297889E-002
      1.0000000000E+000 -5.0000000000E+000  1.0000000000E+000 -1.6022600200E+001  0.0000000000E+000  0.0000000000E+000  0.0000000000E+000
      0.0000000000E+000  0.0000000000E+000  0.0000000000E+000  4.2040406296E+000  0.0000000000E+000  0.0000000000E+000  3.9999999992E+000
     1   640     4    89     1     1       1     3       6    1    0   14    0    2    1    0
      0.0000000000E+000  6.4412461789E-002 -2.4708718506E+000
    4
      9.9992891866E-001
      3.1078640368E-004  1.1918938399E-002
      1.0000000000E+000 -5.0000000000E+000  1.0000000000E+000 -1.6522564497E+001  0.0000000000E+000  0.0000000000E+000  0.0000000000E+000
      0.0000000000E+000  0.0000000000E+000  0.0000000000E+000  4.1499507050E+000  0.0000000000E+000  0.0000000000E+000  3.9999999992E+000
     1   650     4    90     1     1       1     3       6    1    0   14    0    2    1    0
      0.0000000000E+000  6.4258037734E-002 -2.4768098167E+000
    4
      9.9992984637E-001
      3.0727342173E-004  1.1840945254E-002
      1.0000000000E+000 -5.0000000000E+000  1.0000000000E+000 -1.7022529262E+001  0.0000000000E+000  0.0000000000E+000  0.0000000000E+000
      0.0000000000E+000  0.0000000000E+000  0.0000000000E+000  4.0981063199E+000  0.0000000000E+000  0.0000000000E+000  3.9999999992E+000
     1   660     4    91     1     1       1     3       6    1    0   14    0    2    1    0
      0.0000000000E+000  6.4105349781E-002 -2.4827091531E+000
    4
      9.9993075233E-001
      3.0383423351E-004  1.1764280447E-002
      1.0000000000E+000 -5.0000000000E+000  1.0000000000E+000 -1.7522494486E+001  0.0000000000E+000  0.0000000000E+000  0.0000000000E+000
      0.0000000000E+000  0.0000000000E+000  0.0000000000E+000  4.0483570143E+000  0.0000000000E+000  0.0000000000E+000  3.9999999992E+000
     1   670     4    92     1     1       1     3       6    1    0   14    0    2    1    0
      0.0000000000E+000  6.3954361664E-002 -2.4885705138E+000
    4
      9.9993163727E-001
      3.0046655900E-004  1.1688907423E-002
      1.0000000000E+000 -5.0000000000E+000  1.0000000000E+000 -1.8022460156E+001  0.0000000000E+000  0.0000000000E+000  0.0000000000E+000
      0.0000000000E+000  0.0000000000E+000  0.0000000000E+000  4.0005660303E+000  0.0000000000E+000  0.0000000000E+000  3.9999999992E+000
     1   680     4    93     1     1       1     3       6    1    0   14    0    2    1    0
      0.0000000000E+000  6.3805038231E-002 -2.4943945349E+000
    4
      9.9993250191E-001
      2.9716821117E-004  1.1614791012E-002
      1.0000000000E+000 -5.0000000000E+000  1.0000000000E+000 -1.8522426263E+001  0.0000000000E+000  0.0000000000E+000  0.0000000000E+000
      0.0000000000E+000  0.0000000000E+000  0.0000000000E+000  3.9546087434E+000  0.0000000000E+000  0.0000000000E+000  3.9999999992E+000
     1   690     4    94     1     1       1     3       6    1    0   14    0    2    1    0
      0.0000000000E+000  6.3657345399E-002 -2.5001818355E+000
    4
      9.9993334691E-001
      2.9393709129E-004  1.1541897360E-002
      1.0000000000E+000 -5.0000000000E+000  1.0000000000E+000 -1.9022392797E+001  0.0000000000E+000  0.0000000000E+000  0.0000000000E+000
      0.0000000000E+000  0.0000000000E+000  0.0000000000E+000  3.9103713235E+000  0.0000000000E+000  0.0000000000E+000  3.9999999992E+000
     1   700     4    95     1     1       1     3       6    1    0   14    0    2    1    0
      0.0000000000E+000  6.3511250113E-002 -2.5059330178E+000
    4
      9.9993417291E-001
      2.9077118448E-004  1.1470193870E-002
      1.0000000000E+000 -5.0000000000E+000  1.0000000000E+000 -1.9522359749E+001  0.0000000000E+000  0.0000000000E+000  0.0000000000E+000
      0.0000000000E+000  0.0000000000E+000  0.0000000000E+000  3.8677495585E+000  0.0000000000E+000  0.0000000000E+000  3.9999999992E+000
     1   710     9    96     1     1       1     3       6    1    0   14    0    2    1    0
      0.0000000000E+000  6.3366720301E-002 -2.5116486684E+000
    4
      9.9993498053E-001
      2.8766855555E-004  1.1399649138E-002
      1.0000000000E+000 -5.0000000000E+000  1.0000000000E+000 -2.0022327108E+001  0.0000000000E+000  0.0000000000E+000  0.0000000000E+000
      0.0000000000E+000  0.0000000000E+000  0.0000000000E+000  3.8266478366E+000  0.0000000000E+000  0.0000000000E+000  3.9999999992E+000
